374
376
378
380
382
384
386
388
390
392
394
396
398
400
402
404
406
408
410
412
414
416
418
420
422
424
426
428
430
432
436
438
440
442
444
446
448
450
452
454
456
458
460
462
464
466
468
470
472
474
476
478
480
1252
1254
1256
1258
1260
1262
1264
1266
1268
1270
1272
1274
1276
1278
1280
1282
1284
1286
1288
1290
1292
1294
1296
1298
1300
1302
1304
1306
1308
1310
1312
1314
1316
1318
1322
1324
1326
1328
1330
1332
1334
1336
1338
1340
1342
1344
1346
6292
6294
6296
6298
6300
6302
6304
6306
6308
6310
6312
6314
6316
6318
6320
6322
6324
6326
6328
6330
6332
6334
6336
6338
6340
6342
6344
6346
6348
6350
6370
6372
6374
6376
6378
6380
6382
6384
6386
6388
6390
6392
6394
6396
6398
6400
6402
6404
6406
6408
6410
6460
6462
6464
6466
6468
6470
6472
6474
6476
6478
6480
6482
6484
6486
6488
6490
6492
6494
6496
6498
6500
6512
6522
6524
6526
6528
6530
6532
6534
6536
6538
6540
6542
6544
6546
6556
6558
6560
6562
6564
6566
6568
7110
7112
7114
7116
7118
7120
7122
7124
7126
7128
7130
7132
7134
7136
7138
7140
7142
7144
7146
7148
7150
7152
7154
7158
7164
7166
7168
7204
7206
7208
7212
7214
7216
7218
7220
7222
7224
7226
7228
7230
7232
7234
7236
7238
7286
7288
7290
7292
7294
7296
7298
7300
7302
7304
7306
7308
7310
7312
7314
7318
7320
7322
7338
7340
7342
7344
7346
7348
7350
7352
7354
7356
7358
7360
7364
7366
7368
7370
7372
7374
7378
7380
7382
7384
7386
7388
7390
7392
7394
7396
7398
7400
7402
7404
7408
7410
7412
7414
7416
7424
8794
8796
8798
8800
8802
8804
8806
8810
8812
8814
8816
9596
9598
9600
9602
9604
9606
9608
9610
9612
9614
9616
9618
9620
9622
9624
9626
9682
9684
9686
9688
9690
9694
9696
9698
9700
9702
9704
9706
9708
9710
9712
9714
9716
9718
9720
9722
9724
9726
9728
9730
9732
9734
9736
9738
9740
9742
9744
9746
9748
9750
9752
9754
9756
9758
9760
9762
9764
9766
9768
9770
9772
9774
9776
9778
9780
9782
9784
9786
9788
9790
9838
9840
9842
9844
9846
9848
9850
9852
9854
9856
9858
9860
9862
9864
9866
9868
9870
9872
9880
9882
9884
9886
9888
9890
9892
9894
9896
9898
9900
9902
9904
9906
9908
9912
9914
9916
9918
11382
11384
11386
11388
11390
11392
11394
11396
11398
11400
11404
11406
11408
11410
11412
11414
11416
11418
11420
11422
11424
11426
11428
11430
11432
11434
11436
11438
11440
11442
11444
11446
11448
11450
11458
11460
11462
11464
11466
11468
11470
11472
11474
11476
11478
11480
11486
11488
11490
11492
11494
11496
11498
11500
11502
11504
11506
11508
11514
11516
11518
11520
11522
11524
11526
11528
11530
11532
11534
11536
11538
11540
11542
11544
11546
11548
11550
11552
11554
11556
11562
11564
11566
11568
11570
11572
11574
11576
11578
11580
11582
11584
11586
11588
11590
11592
11594
11596
11598
11600
11602
11604
11606
11608
11610
11612
11614
11616
11618
11620
11622
11624
11630
11632
11634
11636
11638
11640
11646
11648
11650
11652
11654
11656
11664
11666
11668
11670
11672
11674
11676
11678
11680
11682
11684
13130
13132
13134
13136
13138
13140
13142
13144
13146
13148
13150
13152
13154
13156
13166
13168
13170
13172
13178
13180
13182
13184
13186
13188
13190
13192
13194
13196
13198
13208
13210
13212
13214
13216
13218
13220
13222
13224
13226
13236
13238
13240
13242
13244
13246
13248
13250
13252
13254
13272
13274
13276
13278
13280
13282
13284
13286
13288
13304
13306
13340
13342
13356
13358
13360
13362
13364
13366
13368
13370
13372
13374
13376
13378
13380
13382
13384
13386
13388
13390
13392
13394
13396
13398
13400
13402
13404
13406
13408
13410
13412
13414
13416
13418
13420
13422
13424
13426
13428
13430
13432
13434
13436
13438
13440
13442
13444
13446
13448
13450
13452
14078
14080
14082
14084
14086
14088
14090
14092
14094
14096
14098
14100
14102
14104
14116
14118
14120
14122
14124
14126
14128
14130
14132
14134
14136
14138
14140
14142
14144
14146
14148
14150
14160
14162
14164
14166
14168
14170
14172
14174
14176
14178
14180
14182
14192
14194
14196
14198
14200
14202
14204
14206
14208
14210
14212
14214
14294
14296
14298
14300
14302
14304
14306
14308
14310
14312
14314
14316
14318
14320
14322
14324
14326
14328
14330
14332
14334
14336
14338
14340
14342
14344
14346
14348
14350
14352
14354
14356
14358
14360
14362
14364
14366
14368
14370
14372
14374
14380
14382
14384
14386
14388
14390
14392
14394
14396
14398
14400
14402
14404
14406
14408
14836
14838
14840
14842
14844
14846
14848
14868
14870
14872
14874
14876
14878
14880
14882
14884
14886
14888
14890
14892
14894
14896
14898
14900
14902
14904
14906
14908
14910
14912
14920
14922
14924
14926
14928
14932
14934
14936
14938
14940
14942
14944
14946
14948
14950
14952
14954
14956
14958
14960
14962
14964
14966
14968
14970
14972
14974
14976
14978
14980
14982
14984
14986
14988
14990
15078
15080
15084
15086
15088
15090
15092
15094
15096
15098
15100
15102
15104
15106
15108
15110
15112
15114
15116
15118
15120
15122
15124
15126
15128
15130
15132
15134
15136
15138
15140
15142
15144
15146
15148
15150
15152
15154
15156
15158
15160
15162
15164
15166
15168
15170
15172
15174
15176
15178
15180
15182
15186
15188
15190
15192
15194
15196
15210
15212
15214
15222
15224
15226
15234
15236
15238
15264
15266
15268
15272
15274
15276
15278
15282
15284
15286
15288
15290
15292
15294
15296
15298
15300
15302
15304
15306
15308
15310
15312
15314
15316
15318
15324
15326
15328
15330
15332
15334
15336
15338
15340
15342
15344
15346
15348
15350
15352
15354
15356
15358
15360
15362
15364
15366
15368
15370
15372
15374
15376
15378
15380
15382
15384
15386
15388
15390
15392
15394
15396
15398
15400
16054
16058
16062
16064
16066
16082
16084
16086
16088
16090
16092
16094
16096
16098
16100
16102
16104
16106
16108
16110
16118
16120
16122
16124
16126
16128
16130
16132
16154
16156
16158
16160
16162
16164
16166
16168
16176
16178
16180
16182
16190
16192
16194
16196
16204
16206
16208
16210
16220
16222
16224
16226
16228
16230
16232
16234
16236
16238
16240
16242
16244
16246
16248
16250
16252
16254
16256
16258
16260
16262
16264
16266
16268
16270
16272
16284
16292
16294
16296
16298
16300
16302
16304
16306
16308
16310
16312
16314
16316
16318
16320
16322
16324
16326
16328
16330
16332
16334
16336
16338
16340
16342
16344
16346
16348
16350
16352
16354
16356
16358
16360
16362
16364
16366
16368
16370
16372
16374
16376
16378
16380
17654
17656
17658
17660
17662
17664
17666
17668
17670
17672
17674
17676
17678
17680
17682
17684
17686
17690
17692
17694
17696
17698
17700
17702
17704
17706
17708
17710
17712
17714
17716
17718
17720
17722
17724
17726
17730
17732
17734
17736
17738
17740
17742
17744
17746
17748
17750
17752
17754
17758
17760
17762
17764
17766
17768
17770
17772
17774
17776
17778
17780
17782
17784
17786
17788
17790
17792
17794
17796
17798
17800
17802
17804
17806
17808
17810
17812
17814
17816
17818
17820
17822
17824
17826
17828
17830
17832
17834
17836
17838
17840
17842
17844
17846
17848
17850
17854
17856
17858
17860
17862
17864
17866
17868
17870
17872
17874
17876
17878
17880
17882
17884
17886
17888
17890
17892
17894
19378
19382
19384
19386
19388
19390
19392
19394
19396
19398
19400
19402
19404
19406
19408
19410
19412
19414
19416
19418
19420
19422
19424
19426
19428
19430
19432
19444
19446
19448
19450
19452
19454
19456
19458
19460
19462
19464
19466
19468
19470
19472
19474
19476
19478
19480
19482
19484
19486
19490
19492
19494
19496
19498
19500
19502
19504
19506
19508
19510
19512
19514
19516
19518
19520
19522
19524
19526
19528
19530
19532
19534
19536
19538
19540
19542
19544
19546
19548
19550
19552
19554
19556
19558
19560
19562
19564
19566
19568
19570
19572
19574
19576
19578
19580
19582
19584
19586
19588
19590
19592
19594
19596
19598
19600
19602
19604
19606
19608
19610
19612
19614
19616
19618
19620
19622
19628
19630
19632
19634
19636
19638
19640
19642
19644
19646
19648
19650
19652
19654
22438
22440
22442
22444
22446
22448
22450
22452
22454
22456
22458
22460
22462
22464
22466
22468
22470
22472
22474
22476
22478
22480
22482
22484
22486
22488
22490
22492
22494
22496
22498
22500
22502
22504
22506
22508
22510
22512
22514
22516
22518
22520
22522
22524
22526
22528
22530
22532
22534
22536
22538
22540
22544
22546
22548
22550
22554
22556
22558
22560
22562
22564
22566
22572
22584
22586
22588
22590
22592
22594
22596
22598
23108
23110
23112
23114
23116
23118
23120
23122
23124
23126
23128
23130
23132
23134
23136
23138
23140
23142
23144
23146
23148
23150
23152
23154
23156
23158
23160
23162
23164
23166
23168
23170
23172
23174
23176
23178
23180
23182
23184
23186
23188
23190
23192
23194
23196
23198
23200
23202
23204
23206
23208
23210
23212
23214
23216
23218
23220
23222
23224
23226
23228
23230
23232
23234
23236
23238
23240
23242
23244
23246
23248
23250
23252
23254
23256
23258
23260
23610
23612
23614
23616
23618
23622
23624
23626
23628
23630
23632
23634
23636
23638
23640
23642
23644
23646
23648
23650
23652
23654
23656
23658
23660
23662
23664
23666
23668
23670
23728
23730
23732
23734
23736
23738
23740
23742
23744
23746
23748
23750
23752
23754
23756
23758
23760
23762
23764
23766
23768
23770
23772
23774
23776
23778
23780
23782
23784
23786
23788
23790
23792
23794
23796
23798
23800
23802
23804
23806
23808
23810
23812
23814
23816
23818
23820
23822
23824
23826
23828
23830
23832
23834
23836
23838
23840
23842
23844
23846
23848
23850
23852
23854
23856
23858
23860
23862
23864
23866
23868
23870
23872
23874
23876
23878
23880
23882
23884
23886
23888
23890
23892
23894
23896
23898
23900
23902
23904
23906
23908
23910
23912
23914
23916
23918
23920
23922
23924
23926
23928
23930
24360
24362
24364
24366
24368
24370
24372
24374
24376
24378
24380
24382
24384
24386
24388
24390
24392
24394
24396
24398
24400
24402
24404
24406
24408
24410
24412
24414
24416
24418
24420
24422
24424
24426
24430
24432
24434
24438
24440
24442
24444
24446
24448
24450
24452
24454
24456
24458
24460
24462
24464
24466
24468
24470
24472
24474
24476
24478
24480
24482
24484
24486
24488
24490
24492
24494
24504
24506
24508
24510
24512
24514
24516
24518
24520
24522
24524
24526
24528
24530
24532
24534
24536
24538
24540
24542
24544
24546
24548
24550
24552
24554
24556
24938
24940
24942
24944
24946
24948
24950
24952
24954
24956
24958
24960
24962
24964
24966
24968
24970
24972
24974
24976
24978
24980
24982
24984
24986
24988
24990
24992
24994
24996
24998
25000
25002
25004
25006
25008
25010
25012
25014
25016
25018
25020
25022
25024
25026
25028
25030
25032
25034
25036
25038
25040
25042
25044
25046
25048
25050
25052
25054
25056
25058
25060
25062
25064
25066
25068
25070
25072
25074
25076
25078
25080
25084
25088
25090
25092
25094
25096
25098
25100
25102
25104
25106
25108
25110
25112
25114
25116
25118
25120
25122
25124
25126
25128
25130
25132
25134
25136
25138
25140
25142
25144
25146
25148
25150
25824
25826
25828
25830
25832
25834
25836
25838
25840
25842
25844
25846
25848
25850
25852
25854
25856
25858
25860
25862
25864
25866
25868
25870
25872
25874
25876
25878
25880
25882
25886
25888
25890
25892
25894
25896
25898
25900
25902
25904
25906
25908
25910
25912
25914
25916
25918
25920
25922
25924
25926
25928
25930
25932
25934
25936
25938
25940
25942
25944
25946
25948
25950
25952
25954
25956
25958
25960
25962
25964
25966
25968
25970
25972
25974
25976
25978
25980
25982
25984
25986
25988
25990
25992
25994
25996
25998
26000
26002
26004
26006
26008
26010
26012
26014
26018
26020
26022
26024
26026
26028
26030
26032
26034
26036
26038
26040
26042
26044
26046
26048
26050
26052
26054
26056
26058
26060
26062
26064
26066
26068
26070
26072
26074
26076
26078
26080
26082
26084
26086
26088
26090
26092
26094
26096
26098
26100
26102
26104
26106
26108
26110
26884
26886
26888
26890
26892
26894
26896
26898
26900
26902
26904
26906
26908
26910
26912
26914
26916
26918
26920
26922
26924
26926
26928
26930
26932
26934
26936
26938
26940
26942
26944
26946
26948
26950
26952
26954
26956
26958
26960
26962
26964
26966
26968
26970
26972
26974
26976
26978
26980
26982
26984
26986
26994
26996
26998
27000
27002
27006
27008
27010
27012
27014
27016
27018
27020
27022
27024
27026
27028
27030
27032
27034
27036
27038
27040
27042
27044
27046
27048
27050
27052
27054
27056
27058
27060
27062
27064
27066
27068
27070
27072
27074
27076
27078
27080
27082
27084
27088
27090
27092
27094
27096
27098
27100
27102
27104
27106
27108
27110
27112
27114
27116
27118
27120
27122
27124
27126
27128
27130
27132
27134
27136
27138
27140
27142
27144
27146
27148
27150
27152
27154
27156
27158
27160
28432
28438
28440
28902
28904
28906
28910
28912
28914
28916
28918
28920
28922
28924
28926
28928
28930
28940
28942
28944
28946
28948
28950
28952
28954
28956
28958
28960
28962
28964
28966
28968
28970
28972
28974
28976
28978
28980
28982
28984
28986
28988
28990
28992
28994
28996
29058
29060
29064
29066
29068
29070
29072
29074
29076
29078
29080
29082
29084
29086
29088
29090
29092
29094
29096
29098
29100
29102
29104
29106
29108
29362
29364
29366
29368
29370
29372
29374
29376
29378
29380
29382
29384
29386
29388
29390
29392
29394
29396
29398
29400
29402
29404
29406
29408
29410
29412
29414
29416
29418
29420
29422
29424
29426
29428
29430
29432
29434
29436
29438
29440
29442
29444
29446
29448
29450
29452
29454
29456
29458
29460
29462
29464
29466
29468
29470
29472
29474
29476
29478
29480
29484
29486
29488
29490
29492
29494
29496
29498
29500
29502
29508
29510
29514
29518
29520
29522
29524
29526
29588
29590
29592
29594
29596
29598
29600
29602
29604
29606
29608
29610
29612
29614
29618
29620
29624
29626
29628
29630
29898
29900
29902
29904
29906
29908
29910
29912
29914
29916
29928
29930
29932
29934
29936
29938
29940
29942
29944
29946
29948
29950
29952
29954
29956
29958
29960
29962
29964
29966
29968
29970
29972
29974
29978
29998
30000
30004
30006
30028
30036
30038
30050
30074
30076
30078
30080
30084
30086
30090
30092
30094
30096
30098
30100
30102
30104
30106
30108
30110
30112
30114
30116
30118
30120
30122
30128
30130
30132
30134
30136
30138
30142
30144
30146
30148
30152
30154
30156
30158
30160
30162
30164
30166
30168
30170
30172
30174
30178
30184
30186
30188
30190
30192
30204
30508
30510
30512
30514
30516
30518
30520
30522
30524
30526
30528
30534
30536
30538
30540
30542
30544
30546
30548
30550
30554
30556
30558
30560
30562
30564
30566
30568
30570
30572
30574
30576
30578
30580
30582
30584
30586
30588
30590
30592
30594
30672
30674
30676
30678
30680
30682
30684
30686
30688
30690
30692
30694
30696
30698
30700
30702
30704
30706
30708
30710
30712
30714
30716
30718
30720
30722
30724
30726
31262
31264
31266
31268
31270
31274
31278
31282
31284
31286
31288
31290
31292
31294
31296
31298
31300
31302
31304
31306
31308
31310
31312
31314
31316
31318
31320
31322
31324
31326
31328
31330
31332
31334
31336
31338
31340
31342
31344
31346
31348
31350
31370
31372
31374
31376
31378
31380
31382
31384
31386
31388
31390
31392
31394
31396
31398
31400
31402
31404
31406
31408
31410
31412
31414
31416
31418
31420
31422
31424
31426
31428
31430
31432
31434
31436
31438
31440
31442
31444
31446
31448
31468
31470
31472
31474
31476
31478
31480
31482
31484
31486
31488
31490
31492
31494
31496
31498
31500
31502
31504
31506
31508
31510
31512
31514
31516
31518
31520
31522
31524
31526
31528
31530
32258
32260
32262
32264
32266
32268
32270
32272
32274
32276
32278
32280
32282
32284
32286
32288
32290
32292
32294
32296
32298
32300
32302
32304
32306
32308
32310
32312
32314
32316
32318
32320
32322
32324
32326
32328
32330
32332
32334
32336
32338
32340
32342
32344
32346
32348
32350
32352
32354
32356
32358
32360
32364
32366
32368
32370
32372
32374
32376
32378
32380
32382
32384
32386
32388
32390
32392
32394
32396
32398
32400
32402
32404
32406
32408
32410
32412
32414
32416
32468
32470
32472
32474
32476
32478
32480
32482
32484
32486
32488
32490
32492
32494
32496
32498
32500
32502
32504
32506
33762
33764
33766
33768
33770
33772
33774
33776
33780
33782
33784
33786
33788
33790
33792
33794
33796
33798
33800
33802
33804
33806
33808
33810
33812
33814
33816
33818
33820
33822
33824
33826
33828
33830
33832
33834
33836
33838
33840
33842
33844
33846
33850
33852
33854
33856
33858
33860
33862
33864
33866
33868
33872
33874
33876
33878
33880
33882
33884
33886
33888
33890
33892
33894
33896
33898
33900
33902
33904
33906
33908
33910
33912
33914
33916
33918
33920
33922
33924
33926
33928
33930
33932
33934
33936
33938
33940
33942
33944
33946
33948
33950
33952
34030
34032
34034
34036
34038
34040
34042
34044
34046
34048
34050
34052
34054
34056
34058
34060
34062
34064
34066
34068
34070
34072
34074
34076
34078
34080
34082
34084
34086
34088
34090
34092
34094
34096
34098
34176
34178
34180
34182
34184
34186
34188
34190
34192
34194
34196
34198
34200
34202
34204
34260
34262
34264
34266
34268
34270
34272
34274
34276
34278
34280
34282
34284
34286
34288
34290
34292
34294
34296
34298
34300
34302
34304
34306
34308
34310
34312
34314
34316
34318
34320
34322
34324
34326
34328
34332
34334
34336
34338
34340
34342
34344
34348
34352
34356
34358
34360
34362
34364
34366
34368
34370
34372
34374
34376
34378
34380
34382
34384
34386
34388
34390
34392
34394
34396
34398
34400
34402
34404
34406
34408
34410
34412
34414
34416
34418
34420
34422
34424
34426
34428
34430
34432
34434
34436
34438
34440
34442
34444
34446
34448
34450
34452
34454
34456
34458
34460
34462
34464
34466
34468
34470
34472
34474
34476
34478
34480
34482
34484
34486
34582
34584
34586
34588
34590
34592
34594
34596
34598
34600
34602
34604
34606
34608
34610
34612
34614
34616
34618
34620
34622
34624
34626
34628
34630
34634
34636
34638
34640
34642
34644
34646
34648
34650
34652
34654
34656
34658
34660
34662
34664
34668
34670
34672
34674
34676
34678
34680
34682
34684
34686
34688
34690
34692
34694
34696
34698
34700
34702
34704
34706
34708
34710
34712
34714
34716
34718
34720
34722
34724
34726
34728
34730
34732
34734
34736
34738
34740
34742
34744
34746
34748
34750
34752
34754
34756
34758
34760
34762
34764
34766
34768
34770
34772
34774
34808
34810
34812
34814
34816
34870
34872
34874
34876
34878
34880
34882
34884
34886
34888
34890
34892
34894
34896
34898
34900
34902
34904
34906
34908
34910
34912
34914
34916
34920
34922
34924
34926
34928
34930
34932
34934
34936
34938
34940
34942
34944
34946
34948
34954
35832
35834
35836
35838
35840
35842
35844
35846
35848
35850
35852
35854
35856
35858
35860
35862
35864
35866
35868
35870
35872
35874
35876
35878
35880
35882
35884
35886
35888
35890
35892
35894
35896
35898
35900
35902
35904
35906
35908
35910
35912
35914
35916
35918
35922
35924
35926
35928
35930
35932
35934
35936
35938
35940
35942
35944
35946
35948
35950
35952
35954
35958
35960
35962
35964
35966
35968
35970
35972
35974
36040
36042
36044
36046
36048
36050
36052
36054
36056
36058
36062
36064
36066
36068
36070
36072
36074
36076
36078
36080
36082
36084
36086
36088
36090
36092
36094
36096
36098
36100
36102
36104
36106
36108
36112
36114
36116
36118
36120
36122
36126
36128
36130
36132
36134
36136
36138
36140
36142
36144
36146
36148
36150
36152
36154
36156
36158
36160
36162
36164
36166
36168
36170
36172
36174
36176
36178
36180
36182
36184
36186
36188
36190
36192
36194
36196
36198
36200
36202
36204
36206
36208
36210
36212
36214
36216
36218
36220
36222
36224
36226
36228
36230
36232
36234
36236
36238
36240
36242
36244
36246
36248
36250
36252
36254
36256
36258
36260
36262
36264
36266
36324
36326
36328
36330
36332
36334
36336
36338
36340
36344
36346
36348
36350
36352
36354
36356
36358
36360
36362
36364
36366
36368
36370
36372
36376
36378
36382
36384
36386
36388
36390
36392
36394
36396
36398
36402
36404
36406
36408
36410
36412
36414
36416
36418
36420
36422
36424
36426
36428
36430
36432
36434
36436
36438
36440
36442
36444
36446
36448
36450
36452
36454
36456
36458
36460
36462
36464
36466
36468
36470
36472
36474
36476
36478
36480
36482
36484
36486
36488
36490
36492
36494
36496
36498
36500
36502
36504
36506
36508
36600
36604
36608
36610
36612
36614
36616
36618
36620
36622
36624
36626
36628
36632
36634
36636
36638
36640
36642
36644
36646
36648
36650
36652
36654
36656
36658
36660
36662
36664
36666
36668
36670
36672
36674
36676
36678
36680
36682
36684
36686
36688
36690
36692
36694
36696
36698
36700
36702
36704
36706
36708
36710
36712
36714
36716
36718
36720
36724
36726
36728
36730
36732
36734
36736
36738
36740
36742
36744
36746
36748
36750
36752
36754
36756
36758
36760
36762
36764
36766
36768
36770
36772
36774
36776
36778
36780
36782
36784
36786
36788
36790
36792
36794
36796
36798
36800
36802
36804
36806
36808
36810
36812
36814
36816
36818
36820
36822
36824
36826
36828
36830
36832
36834
36836
36838
36874
36876
36878
36880
37520
37522
37524
37526
37528
37530
37532
37534
37536
37538
37540
37542
37544
37546
37548
37550
37552
37554
37556
37558
37560
37562
37564
37566
37568
37570
37572
37574
37610
37612
37614
37616
37618
37620
37622
37624
37626
37628
37976
37978
37980
37982
37984
37986
37988
37990
37992
37994
37996
37998
38000
38002
38004
38006
38008
38010
38012
38014
38016
38018
38020
38022
38024
38026
38028
38030
38032
38034
38036
38038
38040
38042
38044
38046
38048
38050
38052
38054
38056
38058
38060
38062
38064
38066
38068
38070
38072
38206
38208
38210
38212
38214
38216
38218
38220
38222
38224
38226
38228
38230
38232
38234
38236
38238
38240
38242
38244
38246
38248
38250
38252
38254
38256
38258
38260
38262
38264
38266
38274
38276
38278
38280
38282
38284
38286
38288
38290
38292
38294
38296
38298
38300
38304
38306
38308
38310
38312
38314
38316
38318
38320
38322
38324
38326
38328
38330
38332
38334
38338
38340
38342
38344
38346
38348
38350
38352
38354
38358
38362
38364
38368
38370
38372
38374
38376
38378
38380
38382
38384
38386
38388
38390
38392
38394
38396
38398
38400
38402
38404
38406
38414
38416
38418
38420
38422
38424
38426
38428
38430
38432
38434
38436
38438
38440
38444
38446
38448
38450
38452
38454
38456
38458
38460
38462
38464
38466
38468
38470
38876
38878
38880
38882
38884
38886
38888
38890
38892
38894
38896
38898
38900
38902
38904
38906
38908
38910
38912
38914
38916
38918
38920
38922
38924
38926
38928
38930
38932
38934
38936
38938
38940
38942
38944
38946
38948
38950
38952
38954
38956
38958
38960
38962
38964
38966
38968
38970
38972
38974
38976
38978
38980
38982
38984
38986
38988
38990
38992
38994
38996
38998
39000
39002
39004
39006
39008
39010
39012
39014
39016
39018
39020
39022
39024
39026
39028
39312
39314
39316
39318
39320
39322
39324
39326
39328
39330
39332
39334
39336
39338
39340
39342
39344
39346
39348
39350
39352
39354
39356
39358
39360
39362
39364
39366
39368
40752
40754
40756
40758
40760
40762
40764
40766
40768
40770
40772
40774
40776
40778
40780
40782
40784
40786
40788
40790
40792
40794
40796
40798
40800
40802
40804
40806
40808
40810
40812
40814
40816
40818
40820
40822
40824
40826
40828
40830
40832
40834
40836
40838
40840
40842
40844
40848
40850
40852
40854
40856
40858
40860
40862
40864
40866
40868
40870
40872
40874
40876
40878
40880
40882
40884
40886
40888
40890
40892
40894
40896
40898
40900
40902
40904
40906
40908
40910
40912
40914
40916
40918
40920
40922
40924
40926
40928
40930
40932
40934
40936
40938
40940
40942
40944
40946
40948
40950
40952
40954
40956
40958
40960
40962
40964
40966
40968
40970
40972
41010
41012
41014
41016
41018
41020
41022
41024
41026
41028
41030
41032
41034
41036
41038
41040
41042
41044
41046
41048
41050
41052
41054
41056
41058
41060
41062
41064
41066
41068
41070
41072
41074
41076
41078
41080
41082
41084
41086
41088
41090
41092
41094
41096
41098
41100
41102
41104
41106
41108
41110
41112
41114
41116
41118
41120
41122
41124
41126
41128
41130
41132
41134
41136
41138
41140
41142
41144
41146
41148
41150
41152
41154
41156
41158
41160
41162
41164
41166
41168
41170
41172
41174
41176
41178
42142
42144
42146
42148
42150
42152
42154
42156
42158
42160
42162
42164
42166
42168
42170
42172
42174
42176
42180
42182
42184
42186
42188
42190
42194
42196
42198
42200
42202
42204
42206
42208
42210
42212
42214
42216
42218
42220
42222
42224
42226
42228
42230
42232
42234
42236
42238
42240
42242
42244
42246
42248
42250
42252
42254
42256
42258
42260
42262
42264
42266
42268
42270
42272
42274
42276
42278
42280
42282
42284
42286
42288
42290
42292
42294
42296
42298
42300
42302
42304
42306
42308
42310
42312
42314
42316
42318
42320
42322
42324
42326
42328
42330
42332
42334
42336
42338
42340
42342
42382
42384
42386
42388
42390
42392
42394
42396
42398
42400
42402
42404
42406
42408
42410
42412
42414
42416
42418
42420
42422
42424
42426
42428
42430
42432
42434
42436
42438
42440
42442
42444
42446
42448
42450
42452
42454
42456
42458
42460
42462
42464
42466
42468
42470
42472
42474
42476
42478
42480
42482
42484
42486
42488
42490
42492
42494
42496
42498
42500
42502
42504
42506
42508
42510
42512
42514
42516
42518
42520
42522
42524
42526
42528
42530
42532
42534
42536
42538
42540
42542
42544
42546
42548
42550
42552
42554
42556
42558
42560
44008
44010
44012
44014
44016
44018
44020
44022
44024
44026
44028
44030
44032
44034
44036
44044
44046
44048
44050
44052
44054
44056
44058
44060
44064
44066
44074
44076
44078
44080
44082
44084
44086
44088
44090
44092
44094
44096
44098
44100
44102
44104
44106
44110
44112
44114
44116
44118
44120
44122
44124
44126
44128
44130
44132
44134
44136
44138
44140
44142
44144
44146
44148
44150
44152
44154
44156
44158
44160
44162
44164
44166
44176
44178
44180
44182
44184
44186
44188
44190
44192
44194
44196
44198
44200
44202
44204
44206
44208
44444
44446
44448
44450
44452
44454
44456
44458
44460
44462
44464
44466
44468
44470
44472
44474
44476
44478
44480
44482
44484
44486
44488
44490
44492
44494
44496
44498
44500
44502
44504
44506
44508
44510
44512
44516
44518
44520
44522
44524
44526
44528
44530
44532
44534
44536
44542
44560
44590
44614
44616
44620
44622
44624
44626
44628
44630
44632
44634
44636
44638
44640
44642
44644
44646
44648
44650
44652
44654
44656
44658
44660
44662
44664
44666
44668
44670
44672
44674
44676
44678
44680
44682
44684
44686
44690
44692
44694
44696
44698
44700
44702
44704
44706
44708
44710
44712
44714
44716
44718
44720
44722
44724
44726
44728
44730
44732
44734
44736
44738
44740
44742
44744
44746
44748
44750
44752
44754
44756
44758
44760
44762
44764
44766
44768
44770
44772
45158
45160
45162
45164
45166
45168
45170
45172
45174
45176
45178
45180
45182
45184
45186
45188
45190
45192
45194
45196
45198
45200
45202
45204
45206
45210
45212
45214
45216
45218
45220
45222
45224
45226
45228
45230
45234
45238
45240
45242
45246
45248
45250
45252
45256
45258
45260
45262
45264
45266
45268
45270
45272
45274
45276
45278
45280
45282
45284
45288
45290
45292
45294
45296
45298
45300
45302
45304
45306
45308
45310
45312
45314
45316
45318
45320
45324
45340
45346
45348
45350
45352
45354
45356
45358
45360
45362
45364
45366
45368
45370
45372
45374
45848
45850
45852
45854
45858
45860
45862
45864
45866
45868
45870
45872
45874
45876
45890
45892
45894
45896
45898
45900
45902
45904
45906
45908
45910
45912
45914
45916
45920
45922
45924
45926
45928
45930
45932
45936
45938
45940
45942
45944
45946
45948
45950
45952
45954
45956
45958
45960
45962
45964
45966
45968
45970
45972
45974
45976
45978
45980
45982
45984
45986
45988
45990
45992
45994
45996
45998
46000
46002
46004
46006
46008
46016
46018
46020
46022
46024
46872
46876
46878
46880
46882
46884
46886
46888
46890
46892
46894
46896
46898
46900
46902
46904
46906
46908
46910
46912
46914
46916
46918
46920
46922
46924
46926
46928
46930
46932
46934
46936
46938
46940
46942
46944
46946
46948
47042
47056
47060
47064
47068
47072
47074
47076
47080
47092
47094
47098
47112
47116
47118
47120
47122
47124
47126
47130
47134
47136
47140
47142
47144
47146
47148
47154
51006
51008
51010
51012
51014
51016
51018
51020
51022
51024
51026
51028
51030
51032
51034
51036
51038
51040
51042
51044
51046
51048
51050
51052
51054
51056
51058
51060
51062
51064
51066
51068
51070
51072
51076
51078
51080
51082
51084
51086
51088
51090
51092
51094
51096
51098
51100
51102
51104
51106
51108
51110
51112
51114
51116
51118
51120
51122
51124
51126
51128
51130
51134
51136
51138
51140
51142
51144
51146
51148
51150
51152
51154
51156
51158
51160
51162
51164
51166
51168
51170
51172
51174
51176
51178
51180
51182
51184
51186
51188
51190
51192
51194
51196
51198
51200
51202
51204
51206
51208
51210
51212
51214
51216
51218
51220
51222
51224
51226
51228
51230
51232
51234
51236
51238
51240
51242
51244
51246
51248
51250
51252
51254
51256
51258
51260
51262
51264
51266
51268
51270
51272
51274
51276
51278
51280
51282
51284
51286
51288
51290
51292
51294
51296
51298
51300
51302
51304
51306
51788
51790
51792
51794
51796
51798
51800
51802
51804
51806
51808
51810
51812
51814
51816
51818
51820
51822
51824
51826
51828
51830
51832
51834
51836
51838
51840
51842
51844
51846
51848
51850
51852
51854
51856
51858
51860
51862
51864
51866
51868
51870
51872
51874
51876
52068
52070
52072
52074
52076
52078
52080
52082
52084
52086
52088
52090
52092
52140
52142
52144
52146
52148
52150
52152
52154
52156
52158
52160
52162
52164
52166
52168
52170
52172
52174
52176
52178
52180
52182
52184
52186
52188
52190
52192
52194
52196
52198
52200
52202
52204
52206
52208
52210
52212
52214
52216
52218
52220
52222
52224
53418
53420
53422
53424
53426
53428
53430
53432
53434
53436
53438
53440
53442
53444
53446
53448
53450
53452
53454
53456
53458
53460
53462
53464
53466
53468
53470
53472
53474
53476
53478
53480
53482
53484
53486
53488
53490
53492
53494
53496
53498
53500
53502
53504
53506
53508
53510
53512
53514
53518
53520
53522
53524
53526
53528
53530
53532
53534
53536
53538
53540
53542
53544
53546
53548
53550
53552
53554
53556
53558
53560
53562
53564
53566
53568
53570
53572
53574
53576
53578
53580
53582
53584
53586
53588
53590
53592
53594
53596
53598
53600
53602
53604
53606
53608
53610
53612
53614
53616
53618
53620
53622
53624
53626
53628
53630
53632
53634
53636
53638
53640
53642
53644
53646
53648
53650
53652
53654
53656
53658
53660
53662
53664
53666
53668
53670
53672
53674
53676
53678
53680
53682
53684
53686
53688
53690
53692
53694
53696
53698
53700
53702
53704
53706
53708
53710
53712
53714
53716
53718
53806
53810
53812
53816
53820
53822
53826
53852
53858
53860
53862
53874
53876
53878
53880
53882
53884
53886
53888
53890
53892
53894
53896
53898
53900
53902
53904
53906
53908
53910
53912
53914
53916
53918
53920
53922
53924
53926
53928
53930
53932
53934
53936
53938
53940
53942
53944
53946
53948
53950
53952
53954
53956
53958
53960
53962
53964
53966
53968
53970
53972
53974
53976
53978
53980
53982
53984
53986
53988
53990
53992
53994
53996
53998
54000
54002
54004
54006
54008
54010
54012
54014
54016
54018
54020
54022
54024
54026
54028
54030
54032
54034
54036
54038
54040
54042
54044
54046
54048
54050
54052
54054
54056
54058
54060
54062
54064
54066
54068
54070
54072
54074
54076
54078
54080
54082
54104
54106
54108
54110
54112
54114
54116
54118
55920
55922
55924
55926
55928
55930
55932
55934
55936
55938
55940
55942
55944
55946
55948
55950
55952
55954
55956
55958
55960
55962
55964
55966
55968
55970
55972
55974
55976
55978
55980
55982
55984
55986
55988
56364
56368
56372
56376
56380
56384
56388
56456
56460
56548
56550
56552
56558
56560
56562
56564
56568
56572
56574
56576
56578
56580
56584
56590
56594
56596
56598
56600
56602
56604
56606
56608
56610
56612
56616
56618
56620
56622
56624
56626
56628
56630
56632
56634
56636
56638
56640
56644
56646
56648
56650
56652
56654
56656
56658
56660
56662
56664
56666
56668
56670
56748
56750
56752
56754
56756
56758
56760
56762
56764
56766
56772
56774
56776
56778
56780
56782
56784
56786
56788
56790
56792
56794
56796
56798
56800
56802
56804
56806
57672
57674
57676
57678
57680
57682
57684
57686
57688
57690
57692
57694
57696
57698
57700
57702
57704
57706
57708
57710
57712
57714
57716
57718
57720
57722
57724
57726
57728
57730
57732
57734
57736
57738
57740
57742
57744
57746
57748
57750
57752
57754
57756
57758
57760
57762
57764
57766
57768
57770
57772
57774
57776
57778
57780
57782
57784
57786
57788
57790
57792
57794
57796
57798
57800
57802
57804
57806
57808
57810
57812
57814
57816
57818
57820
57822
57824
57826
57828
57830
57832
57834
57836
57838
57840
57842
57844
57846
57848
57850
57852
57854
57856
57858
57860
57862
57864
57866
57868
57870
57872
57874
57876
57878
57880
57882
57884
57886
57888
57890
57892
57894
57896
57898
57900
57902
57904
57906
57908
57926
57928
57930
57932
57934
57936
57938
57940
57942
57944
57946
57948
57950
57952
57954
57956
57958
57960
57962
57964
57966
57968
57970
57972
57974
57976
57978
57980
57982
57984
57986
57988
57990
57992
57994
57996
57998
58000
58002
58004
58006
58008
58010
58012
58014
58102
58104
58106
58108
58110
58112
58114
58116
58118
58120
58122
58124
58126
58128
58130
58132
58134
58136
58138
58140
58142
58144
58146
58148
58150
58152
58154
58156
58158
58160
58162
58164
58166
58168
58170
58172
58174
58176
58178
58180
58182
58184
58186
58188
58190
58192
58194
58196
58198
58200
58202
58204
58206
58208
58210
58212
58214
58216
58218
58220
58222
58224
58226
58228
58230
58232
58234
58236
58238
58240
58242
58244
58246
58248
58250
58252
58254
58282
58284
58286
58288
58290
58292
58294
58296
58298
58300
58302
58304
58306
58308
58310
58312
58314
58316
58318
58320
58322
58324
58326
58328
58330
58332
58334
58336
58338
58340
58342
58344
58346
58348
58350
58352
58354
58356
58358
58360
58362
58364
58366
58432
58434
58436
58438
58440
58442
58444
59076
59078
59080
59082
59084
59086
59088
59090
59092
59094
59096
59098
59100
59102
59104
59106
59108
59110
59112
59114
59116
59118
59120
59122
59124
59164
59166
59168
59170
59172
59174
59176
59178
59180
59182
59184
59186
59188
59190
59192
59194
59196
59198
59200
59202
59204
59206
59208
59210
59212
59214
59216
59218
59220
59222
59226
59228
59230
59232
59234
59236
59238
59240
59242
59244
59246
59248
59250
59252
59254
59256
59258
59262
59264
59266
59268
59270
59272
59274
59276
59278
59280
59282
59284
59286
59288
59290
59292
59294
59296
59298
59300
59302
59304
59306
59308
59310
59312
59314
59316
59318
59320
59322
59324
59326
59328
59330
59332
59334
59336
59338
59340
59342
59344
59346
59348
59350
59352
59354
59356
59358
59360
59362
59364
59366
59368
59370
59372
59374
59376
59378
59380
59382
59384
59386
59388
59390
59392
59394
59396
59398
59400
59402
59404
59406
59408
59410
59412
59414
59418
59420
59422
59424
59426
59428
59430
59432
59434
59436
59438
59440
59442
59444
59446
59448
59450
59452
59454
59456
59458
59460
59462
59464
59466
59468
59470
59472
59474
59476
59478
59480
59482
59484
59486
59820
59822
59824
59826
59828
59830
59832
59834
59836
59838
59840
59842
59844
59846
59848
59850
59852
59854
59856
59858
59860
59862
59864
59866
59868
59870
59872
59874
59876
59878
59918
59920
59922
59924
59926
59928
59930
59938
59940
59942
59944
59946
59948
59950
59952
59954
59956
59958
59960
59962
59964
59966
59968
59970
59972
59974
59976
59978
59980
59982
59984
59986
59988
59990
59992
59994
59996
59998
60000
60002
60004
60006
60008
60010
60012
60014
60016
60018
60020
60026
60028
60030
60032
60036
60038
60040
60044
60048
60050
60052
60054
60056
60058
60060
60062
60064
60066
60068
60070
60072
60074
60076
60078
60080
60082
60084
60086
60088
60090
60092
60094
60096
60098
60100
60102
60104
60106
60108
60110
60114
60116
60118
60120
60122
60124
60126
60128
60130
60132
60134
60136
60138
60140
60142
60144
60146
60148
60150
60152
60154
60156
60158
60160
60162
60164
60166
60168
60170
60172
60174
60176
61158
61160
61162
61164
61166
61168
61170
61172
61174
61176
61178
61180
61182
61184
61186
61188
61190
61192
61194
61196
61198
61200
61202
61204
61206
61208
61210
61212
61214
61216
61218
61220
61222
61224
61226
61228
61230
61232
61234
61236
61238
61240
61242
61244
61246
61248
61250
61252
61254
61256
61258
61260
61264
61266
61268
61270
61272
61274
61276
61278
61280
61282
61284
61332
61334
61336
61338
61340
61342
61344
61346
61348
61350
61352
61354
61356
61358
61360
61362
61364
61366
61368
61370
61372
61374
61376
61378
61380
61382
61384
61386
61388
61390
61392
61394
61396
61398
61400
61402
61404
61414
61416
61418
61420
61424
61426
61428
61430
61432
61434
61436
61438
61440
61442
61444
61446
61448
61450
61452
61454
61456
61458
61460
61462
61464
61466
61468
61470
61472
61474
61476
61478
62518
62530
62532
62534
62542
62544
62546
62572
62574
62578
62582
62584
63002
63004
63006
63008
63010
63012
63014
63016
63018
63020
63022
63024
63026
63028
63030
63032
63034
63036
63038
63040
63042
63044
63046
63048
63050
63052
63054
63056
63058
63060
63062
63064
63066
63068
63070
63072
63074
63076
63078
63080
63082
63084
63086
63088
63090
63092
63094
63096
63098
63146
63148
63150
63152
63154
63156
63158
63160
63162
63164
63166
63168
63170
63172
63174
63176
63178
63180
63182
63184
63186
63188
63190
63192
63194
63196
63198
63200
63202
63204
63206
63208
63210
63212
63214
63216
63218
63220
63222
63224
63226
63228
63230
63232
63234
63236
63238
63240
63242
63244
63246
63248
63250
63252
63254
63256
63258
63260
63262
63264
63266
63268
63270
63272
63274
63276
63278
63280
63282
63284
63286
63288
63290
63292
63294
63296
63298
63300
63302
63304
63306
63308
63310
63312
63314
63316
63318
63320
63322
63324
65468
65470
65472
65474
65476
65478
65480
65482
65484
65486
65488
65490
65492
65494
65496
65498
65500
65502
65504
65506
65508
65510
65514
65516
65518
65520
65522
65524
65526
65528
65530
65532
65534
65536
65538
65540
65542
65544
65546
65548
65550
65552
65554
65556
65558
65560
65562
65564
65566
65568
65570
65572
65574
65576
65578
65580
65582
65584
65586
65588
65590
65592
65594
65596
65598
65600
65602
65604
65606
65608
65610
65612
65614
65616
65618
65620
65622
65624
65626
65628
65630
65632
65634
65636
65638
65642
65644
65646
65648
65650
65652
65654
65656
65658
65660
65662
65664
65666
65668
65670
65672
65674
65676
65678
65680
65682
65684
65686
65688
65690
65692
65694
65696
65698
65700
65702
65704
65706
65708
65710
65712
65714
65716
65718
65720
65722
65724
65726
65728
66162
66164
66166
66168
66170
66172
66174
66176
66178
66180
66182
66184
66186
66188
66190
66192
66194
66196
66198
66200
66202
66204
66206
66208
66210
66214
66216
66218
66220
66222
66224
66226
66228
66230
66232
66234
66236
66238
66240
66242
66244
66246
66248
66250
66252
66254
66256
66258
66260
66262
66266
66268
66270
66272
66274
66276
66278
66280
66282
66284
66286
66288
66290
66292
66294
66296
66298
66300
66302
66304
66306
66308
66310
66312
66314
66316
66318
66320
66322
66324
66326
66328
66330
66332
66334
66336
66338
66340
66342
66344
66346
66348
66350
66352
66354
66356
66358
66362
66364
66366
66368
66370
66372
66374
66376
66378
66380
66382
66384
66386
66388
66390
66392
66394
66396
66398
66400
66402
66404
66406
66408
66410
66412
66414
66416
66418
66420
66422
66424
66426
66428
66430
66432
66434
66436
66438
66440
66442
66444
66446
66448
66450
66452
66454
66456
66458
66460
66462
66464
66466
66468
66470
66472
66474
66476
66478
66480
66482
66484
66486
66488
66490
66492
66494
66496
66498
66500
66502
66504
66506
66508
66510
66514
66516
66518
66520
66522
66524
66526
66528
66530
66532
66534
66536
66538
66540
66542
66544
66546
66548
66550
66552
66554
66556
66558
66560
66562
66564
66566
66568
66570
66572
66574
66576
67558
67560
67562
67564
67566
67568
67570
67572
67574
67576
67578
67580
67582
67584
67586
67588
67590
67592
67594
67596
67598
67600
67602
67604
67606
67608
67610
67612
67614
67616
67618
67620
67622
67624
67626
67628
67630
67632
67634
67636
67638
67640
67642
67644
67646
67648
67650
67652
67654
67656
67658
67660
67662
67664
67666
67668
67670
67672
67674
67676
67678
67680
67682
67684
67686
67690
67692
67694
67696
67698
67700
67702
67704
67706
67708
67710
67712
67714
67716
67718
67804
67806
67808
67810
67812
67814
67816
67818
67820
67822
67824
67826
67828
67830
67832
67834
67836
67838
67840
67842
67844
67846
67848
67850
67852
67854
67856
67858
67860
67862
67864
67866
67868
67870
67872
67874
67876
67878
67880
67882
67884
67886
67888
67890
67892
67894
67896
67898
67900
67902
67904
67906
67908
67910
67912
67914
67916
67920
67922
67924
67926
67928
67930
67932
67934
67936
67938
67940
67942
67944
67946
67948
67950
67952
67954
67956
67958
67960
68338
68340
68342
68344
68346
68348
68350
68352
68354
68356
68358
68360
68362
68364
68366
68368
68370
68372
68374
68376
68378
68380
68382
68384
68386
68388
68390
68392
68394
68396
68398
68400
68402
68404
68406
68408
68410
68412
68414
68416
68418
68420
68422
68424
68426
68428
68430
68432
68434
68436
68438
68440
68442
68444
68446
68448
68450
68452
68454
68456
68458
68460
68462
68464
68466
68468
68470
68472
68474
68476
68478
68480
68482
68484
68486
68488
68490
68492
68494
68496
68498
68500
68502
68504
68506
69148
69150
69152
69154
69156
69158
69160
69162
69164
69166
69168
69170
69172
69174
69178
69182
69184
69190
69194
69196
69198
69200
69202
69204
69206
69208
69210
69212
69214
69216
69218
69220
69222
69224
69226
69228
69230
69232
69234
69236
69238
69240
69294
69296
69298
69304
69306
69308
69312
69316
69318
69320
69322
69324
69326
69364
69366
69368
69370
69372
69374
69376
69378
69380
69382
69384
69386
69388
69390
69392
69394
69396
69398
69404
69406
69408
69412
69414
69416
69420
69422
69430
69432
69434
69436
69438
69440
69442
69444
69446
69448
69450
69452
69454
69456
69458
69460
69462
69464
69466
69468
69470
69472
69474
69476
69478
69480
69482
69484
69486
69488
69490
69492
69494
69496
69498
69500
69502
69504
69506
69508
69510
69512
69514
69516
69518
69520
69522
69524
69528
69530
69532
69534
69536
69538
69540
69542
69544
69546
69548
69550
69552
69554
69556
69558
69560
69562
69564
69566
69568
69570
69572
69574
69576
69578
69580
69582
69584
69586
69588
69590
69592
69594
69596
69648
69650
69652
69654
69656
69658
69660
69662
69664
69666
69668
69670
69672
69674
69676
69678
69680
69682
69684
69686
69688
69690
69692
69694
69696
69698
69700
69702
69704
69706
69708
69710
69712
69714
69716
69720
69722
69728
69730
69732
69734
69736
69738
69740
69742
69744
69746
69748
69750
69752
69754
69756
69758
69760
69762
69764
69766
69768
69770
69772
69774
69776
69778
69780
69782
69784
69786
69788
69790
69792
69794
69796
69798
69800
69802
69804
69806
69808
69832
69834
69836
69838
69840
69842
69844
69846
71254
71256
71258
71260
71262
71264
71266
71268
71270
71272
71274
71276
71278
71280
71282
71284
71286
71288
71290
71292
71294
71296
71298
71300
71302
71304
71306
71308
71310
71312
71314
71316
71318
71320
71322
71324
71326
71328
71330
71332
71334
71336
71340
71342
71344
71346
71348
71350
71352
71354
71356
71358
71360
71362
71364
71366
71368
71370
71372
71374
71376
71378
71380
71382
71384
71386
71388
71390
71392
71394
71396
71398
71436
71438
71440
71442
71444
71446
71448
71450
71452
71454
71456
71458
71460
71462
71466
71468
71470
71472
71474
71476
71478
71480
71482
71484
71486
71488
71494
71496
71498
71500
71502
71504
71506
71508
71510
71512
71514
71516
71518
71520
71522
71524
71578
71580
71582
71584
71586
71588
71590
71592
71594
71596
71598
71600
71602
71604
71606
71608
71610
71612
71614
71616
71618
71620
71622
71624
71626
71630
71632
71634
71636
71638
71640
71642
71644
71646
71648
71650
71652
71654
71656
71658
71660
71662
71664
71666
71668
71670
71672
71674
71676
71678
71680
71682
71684
71686
71688
71690
71692
71694
71696
71698
71700
71702
71704
71706
71708
71710
71712
71714
71716
71718
71720
71722
71724
71726
71728
71730
71732
71734
71736
71738
71740
71742
71744
71746
71748
71750
71752
71754
71756
71758
71760
71762
71764
72092
72094
72096
72098
72100
72102
72104
72106
72108
72110
72112
72114
72116
72118
72120
72122
72124
72126
72128
72130
72132
72134
72136
72138
72140
72142
72144
72146
72150
72152
72154
72156
72158
72160
72162
72166
72168
72170
72172
72174
72176
72178
72180
72182
72184
72186
72188
72190
72192
72194
72196
72198
72200
72202
72542
72544
72546
72548
72550
72552
72554
72556
72558
72560
72562
72564
72566
72568
72570
72572
72574
72576
72578
72580
72582
72584
72586
72588
72590
72592
72594
72596
72598
72600
72602
72604
72606
72608
72610
72612
72614
72616
72618
72620
72622
72624
72626
72628
72630
72632
72634
72636
72638
72640
72642
72644
72646
72648
72650
72652
72654
72656
72658
72660
72662
72664
72666
72670
72672
72674
72676
72680
72682
72684
72718
72720
72722
72724
72726
72728
72730
72732
72734
72736
72738
72740
72742
72744
72748
72750
72752
72754
72756
72758
72760
72762
72764
72766
72768
72770
72772
72774
72776
72778
72780
72782
72784
72786
72788
72790
72792
72794
72796
72798
72800
72802
72804
72806
72808
72810
72812
72814
72816
73682
73684
73686
73688
73690
73692
73694
73696
73698
73700
73702
73704
73706
73708
73710
73712
73716
73718
73720
73722
73724
73726
73728
73730
73732
73734
73736
73738
73742
73744
73746
73748
73750
73752
73754
73758
73760
73762
73768
73770
73772
73774
73776
73778
73780
73782
73784
73786
73788
73790
73792
73794
73796
73798
73800
73802
73804
73806
73808
73810
73812
73814
73816
73818
73820
73824
73826
73828
73830
73832
73834
73836
73872
73874
73876
73878
73880
73882
73884
73886
73888
73890
73892
73894
73896
73898
73900
73902
73904
73906
73908
73910
73912
73914
73916
73918
73920
73922
73924
73926
73928
73930
73932
73934
73936
73938
73940
73942
73944
73946
73948
73950
73952
73954
73956
73958
73960
73962
73964
73966
73968
73970
73972
73974
73976
73978
73980
74030
74032
74034
74036
74038
74040
74042
74044
74046
74048
74050
74052
74054
74056
74058
74060
74062
74064
74066
74068
74070
74072
74074
74076
74078
74080
74082
74084
74086
74088
74092
74094
74096
74098
74100
74102
74106
74108
74110
74112
74114
74116
74118
74120
74122
74124
74126
74128
74130
74146
74148
74150
74152
74154
74156
74158
74160
74162
74164
74166
74168
74170
74172
74174
74176
74178
74180
74182
74184
74186
74188
74190
74192
74194
74196
74198
74200
74202
74442
74444
74446
74448
74450
74452
74454
74456
74458
74514
74516
74518
74520
74522
74524
74530
74532
74534
74536
74538
74540
74542
74544
74546
74548
74556
74558
74560
74562
74564
74566
74574
74576
74578
74582
74584
74588
74590
74592
74594
74610
74612
74614
74616
74618
74620
74622
74624
74626
74628
74630
74632
74634
74636
74638
74640
75532
75552
75562
75572
75582
75756
76248
76250
76252
76254
76256
76258
76260
76262
76264
76266
76268
76272
76274
76276
76278
76280
76282
76284
76286
76288
76290
76292
76294
76296
76298
76300
76302
76304
76306
76308
76310
76312
76314
76316
76318
76320
76322
76324
76326
76328
76330
76332
76334
76336
76338
76340
76342
76344
76346
76348
76350
76354
76356
76358
76360
76368
76374
76380
76580
76586
76588
76590
76598
76602
76604
76606
76608
76610
76612
76614
76616
76618
76620
76622
76624
76626
76628
76630
76632
76634
76636
76638
76640
76642
76644
76646
76648
76650
76652
76654
76656
76658
77104
77106
77108
77110
77112
77114
77116
77118
77120
77122
77124
77130
77132
77134
77136
77138
77140
77142
77144
77146
77148
77150
77152
77154
77156
77158
77160
77162
77164
77166
77168
77170
77172
77174
77176
77212
77214
77216
77218
77220
77222
77224
77226
77228
77230
77232
77234
77236
77238
77240
77242
77244
77246
77248
77250
77252
77254
77256
77258
77260
77262
77264
77266
77268
77270
77272
77274
77276
77278
77280
77282
77286
77288
77290
77292
77294
77296
77298
77300
77302
77304
77306
77308
77310
77312
77314
77316
77318
77320
77322
77324
77326
77328
77330
77332
77334
77336
77338
77340
77342
77344
77346
77348
77350
77352
77354
77356
77358
77360
77362
77364
77366
77368
77370
77372
77374
77376
77378
77808
77810
77812
77814
77816
77818
77820
77822
77824
77826
77828
77830
77832
77834
77836
77838
77840
77842
77844
77846
77848
77850
77852
77854
77856
77860
77862
77864
77866
77868
77870
77872
77874
77876
77878
77880
77882
77884
77886
77888
77890
77892
77894
77896
77898
77900
77902
77904
77906
77908
77910
77912
77914
77916
77918
77920
77922
77924
77962
77964
77966
77968
77970
77972
77974
77976
77978
77980
77982
77984
77986
77988
77990
77992
77994
77996
77998
78000
78002
78004
78006
78008
78010
78014
78016
78018
78020
78022
78024
78026
78028
78030
78032
78034
78036
78038
78040
78042
78044
78046
78048
78050
78052
78054
78056
78058
78060
78062
78100
78102
78104
78106
78108
78110
78112
78114
78116
78118
78120
78122
78124
78126
78128
78130
78132
78134
78136
78138
78140
78142
78144
78146
78148
78596
78598
78600
78602
78604
78606
78608
78610
78612
78614
78616
78618
78622
78624
78626
78628
78630
78632
78634
78636
78638
78640
78642
78644
78646
78648
78650
78652
78654
78656
78658
78660
78662
78700
78702
78704
78706
78708
78710
78712
78714
78716
78718
78720
78722
78724
78726
78730
78732
78734
78736
78738
78740
78742
78744
78746
78748
78750
78752
78754
78756
78758
78760
78762
78764
78766
78768
78770
78772
78774
78776
78778
78780
78782
78784
78786
78788
78790
78824
78826
78828
78830
78832
78834
78836
78838
78840
78842
78844
78846
78848
78850
78852
79638
79640
79642
79644
79646
79648
79650
79652
79654
79656
79658
79660
79662
79664
79666
79668
79670
79672
79674
79676
79678
79680
79682
79684
79686
79688
79690
79692
79736
79738
79740
79742
79744
79746
79748
79750
79752
79754
79756
79758
79760
79762
79764
79766
79768
79770
79772
79774
79776
79778
79780
79782
79784
79786
79788
79790
79792
79794
79796
79798
79800
79802
79804
79806
79808
79810
79812
79814
79816
79818
79820
79822
79824
79826
79828
79830
79832
79834
79836
79838
79840
79882
79884
79886
79888
79890
79892
79894
79896
79898
79900
79902
79970
79972
79974
79976
79978
79980
79982
79984
79986
79988
79990
79992
79994
79996
80032
80034
80036
80038
80040
80042
80044
80046
80048
80050
80052
80054
80056
80058
80060
80062
80064
80066
80068
80070
80072
80074
80076
80078
80080
80082
80084
80086
80088
80090
80092
80094
80096
80098
80100
80102
80104
80106
80108
80110
80112
80114
80116
80118
80120
80122
80124
80126
80128
80130
80132
80134
80136
80138
80140
80142
80144
80146
80148
80150
80152
80154
80156
80158
80160
80162
80164
80166
80168
80170
80172
80174
80176
80178
80180
80214
80216
80218
80220
80222
80224
80226
80228
80230
80232
80234
80236
80238
80240
80464
80466
80468
80470
80472
80474
80476
80478
80480
80482
80484
80486
80488
80490
80492
80494
80496
80498
80500
80502
80504
80506
80508
80510
80512
80514
80516
80518
80520
80522
80524
80526
80528
80530
80532
80534
80536
80538
80540
80542
80544
80546
80548
80550
80552
80612
80616
80618
80620
80628
80630
80632
80634
80636
80638
80640
80642
80644
80646
80648
80650
80652
80682
80686
80690
80714
80718
80720
80722
80724
80728
80730
80732
80734
80736
80740
80742
80744
80746
80748
80770
80772
80774
80776
80778
80780
80782
80784
80786
80788
80790
80792
80794
80796
80798
80800
80802
80804
80808
80810
80812
80814
80816
80818
80820
80822
80824
80826
80828
80830
80832
80834
80836
80838
80840
80842
80852
80870
80872
80874
80878
80880
80884
80890
80920
80922
80924
80926
80928
80930
80932
80934
80936
80938
80940
80942
80944
80946
80976
80980
80984
80986
80990
80992
80994
80996
80998
81000
81002
81006
81008
81010
81012
81014
81016
81018
81020
81022
81024
81026
81028
81030
81032
81034
81036
81038
81040
81042
81046
81050
81054
81056
81062
81064
81066
81068
81070
81072
81074
81076
81078
81080
81082
81084
81086
81088
81090
81092
81094
81096
81098
81100
81102
81104
81106
81108
81110
81112
81114
81116
81118
81120
81122
81124
81126
81128
81130
81132
81134
81136
81138
81140
81142
81144
81146
81148
81150
81152
81728
81790
81792
81794
81796
81798
81800
81802
81804
81808
81810
81812
81822
81824
81830
81832
81836
81838
81840
81842
81844
81846
81848
81850
81852
81858
81860
81862
81864
81866
81868
81870
81872
81874
81876
81878
81880
81882
81884
81886
81888
81890
81892
81894
81896
81898
81900
81902
81904
81906
81908
81910
81912
81914
81916
81918
81920
81922
81924
81926
81928
81930
81932
81934
81936
81938
81940
81942
81944
81946
81948
81950
81952
81954
81956
81958
81960
81962
81964
81966
81968
81970
81972
81974
81976
81978
81980
81982
81984
81986
81988
81990
82386
82388
82396
82406
82410
82430
82434
82450
82452
82458
82460
82462
82464
82466
82468
82470
82472
82474
82476
82478
82480
82482
82484
82486
82488
82490
82492
82504
82506
82508
82510
82514
82516
82518
82522
82524
82526
82528
82530
82532
82534
82536
82538
82540
82542
82544
82546
82548
82550
82552
82554
82556
82558
82560
82562
82564
82566
83444
83446
83448
83450
83452
83454
83456
83460
83462
83464
83468
83470
83472
83476
83478
83480
83482
83484
83498
83500
83516
83520
83524
83530
83532
83534
83536
83538
83540
83542
83544
83546
83548
83554
83556
83558
83560
83562
83564
83566
83568
83570
83572
83576
83578
83580
83582
83584
83586
83588
83590
83592
83594
83596
83598
83600
83602
83604
83606
83608
83610
83612
83614
83616
83618
83620
83622
83624
83626
83628
83630
83632
83634
83636
83638
83640
83642
83644
83646
83652
83654
83656
83658
83664
83666
83668
83670
83672
83674
83676
83678
83680
83774
83776
83778
83780
83782
83784
83786
83788
83790
83792
83794
83796
83800
83802
83804
83806
83808
83810
83812
83814
83816
83818
84348
84352
84358
84362
84366
84368
84370
84372
84374
84378
84380
84382
84384
84386
84388
84390
84392
84394
84396
84398
84400
84402
84404
84406
84408
84410
84412
84414
84416
84418
84422
84424
84426
84428
84430
84432
84434
84436
84438
84440
84442
84444
84448
84450
84452
84454
84456
84458
84460
84462
84464
84466
84468
84470
84472
84474
84476
84478
84480
84482
84484
84486
84596
84600
84604
84606
84608
84610
84612
84614
84616
84620
84698
84700
84702
84704
84706
84708
84710
84712
84716
84718
84720
84722
84724
84726
84728
84730
84744
84746
84748
84750
84752
84754
84756
84758
84760
84762
84764
84766
84768
84770
84772
84774
84778
84780
84782
84784
84786
84788
84790
84792
84794
84796
84798
84800
84802
84804
84806
84808
84810
84812
84814
84816
84818
84820
84914
84934
84948
85154
85156
85158
85160
85162
85164
85166
85170
85172
85174
85178
85180
85182
85184
85186
85238
85242
85254
85258
85260
85262
85264
85266
85268
85270
85272
85274
85276
85278
85280
85282
85284
85286
85288
85290
85292
85294
85296
85298
85300
85302
85304
85306
85308
85310
85312
85314
85316
85318
85320
85322
85324
85326
85328
85330
85332
85334
85336
85338
85340
85342
85344
85346
85348
85350
85352
85354
85356
85358
85360
85362
85364
85366
85368
85370
85372
85374
85376
85378
85380
85382
85560
85562
85564
85566
85568
85570
85572
85574
85576
85578
85580
85582
85584
85586
85588
85590
85592
85594
85596
85598
85600
85602
85604
85606
85608
85610
85612
85614
85616
85618
85620
85622
85624
85626
85628
85630
85632
85634
85636
85638
85640
85642
85644
85646
85648
85650
85652
85654
85656
85658
85662
85664
85666
85668
85670
85672
85674
85676
85678
85680
85682
85684
85686
85688
85690
85692
85694
85696
85698
85700
85702
85704
85706
85708
85710
85712
85714
85716
85718
85720
85722
85724
85918
85920
85922
85924
85926
85928
85930
85932
85934
85936
85938
85940
85942
85944
85946
85950
85952
85954
85956
85958
85960
85962
85964
85966
85968
85970
85972
85974
85976
85978
85980
85982
85984
85986
85988
85990
85992
85994
85996
85998
86000
86002
86004
86006
86008
86010
86012
86014
86016
86018
86020
86022
86024
86026
86028
86030
86032
86034
86036
86038
86040
86042
86044
86046
86048
86050
86052
86054
86056
86058
86060
86062
86064
86066
86068
86070
86072
86074
86076
86078
86080
86082
86084
86086
86088
86090
86092
86094
86096
86098
86100
86102
86104
86106
86108
86110
86112
86114
86116
86118
86120
86122
86124
86126
86128
86130
86132
86134
86136
86138
86140
86142
86144
86146
86148
86150
86152
86154
86156
86158
86160
86162
86164
86166
86168
86170
86172
86174
86176
86178
86180
86182
86184
86186
86188
86190
86192
86194
86196
86198
86200
86202
86204
86206
86208
86210
86212
86214
86216
86218
86220
86222
86224
86226
86228
86230
86232
86234
86236
86238
86240
86242
86244
86246
86248
86250
86252
86254
86256
86258
86260
86262
86264
86266
86268
86270
86272
86274
86276
86278
86280
86282
86284
86286
86288
86290
86292
86294
86296
86298
86448
86450
86848
86850
86852
86854
86856
86858
89120
89122
89124
89126
89128
89130
89132
89134
89136
89138
89140
89160
89162
89164
89166
89168
89170
89172
89174
89198
89200
89202
89204
89206
89208
89210
89212
89214
89528
89530
89532
89534
89536
89538
89540
89542
89544
89546
89548
89550
89552
89554
89556
89558
89560
89562
89564
89566
89568
89570
89572
89574
89576
89578
89580
89582
89584
89586
89588
89590
89592
89594
89596
89598
89600
89602
89604
89606
89622
89624
89626
89628
89630
89632
89634
89636
89638
89640
89642
89644
89646
89648
89650
89652
89654
89656
89658
89660
89662
89664
89666
89668
89670
89672
89674
89676
89678
89680
89688
89690
89692
89694
89696
89698
89700
89702
89704
89708
89710
89736
89738
89740
89742
89744
89746
89748
89750
89752
89754
89756
90670
90674
90732
90734
90736
90738
90786
90788
90790
90792
90794
90796
91414
91418
91422
91426
91458
91460
91464
91466
91468
91470
91472
91476
91480
91484
91486
91488
91490
91492
91494
91514
91516
91518
91520
91522
91524
91526
91528
91530
91532
91534
91538
91540
91542
91544
91546
91548
91566
91568
91570
91572
91574
91576
91578
91580
91582
91584
91586
91588
91590
91592
91594
91596
91600
91808
91810
91812
91814
91816
91818
91822
91824
91826
91828
91830
91832
91834
91836
91838
91840
91842
91844
91846
91848
91850
91852
91854
91858
91860
91862
91864
91866
91868
91870
91872
91874
91876
91878
91930
91932
91934
91936
91938
91940
91942
91944
91946
91948
91950
91952
91954
91956
92286
92288
92290
92292
92294
92296
92298
92300
92302
92304
92306
92308
92310
92312
92314
92316
92318
92320
92322
92324
92326
92330
92332
92334
92336
92338
92340
92342
92344
92346
92348
92350
92352
92354
92356
92358
92360
92362
92364
92366
92368
92370
92372
92374
92376
92378
92380
92382
92384
92388
92390
92392
92394
92396
92398
92400
92402
92404
92406
92408
92410
92412
92414
92416
92418
92420
92422
92424
92426
92428
92430
92432
92434
92436
92438
92440
92442
92446
92448
92450
92452
92454
92456
92458
92460
92462
92464
92466
92468
92470
92472
92474
92476
92478
92480
92482
92484
92486
92504
92506
92508
92510
92512
92514
92516
92518
92520
92522
92524
92526
92528
92530
92548
92550
92554
93208
93212
93214
93216
93218
93220
93222
93224
93226
93228
93232
93236
93238
93240
93244
93246
93248
93250
93252
93256
93258
93260
93264
93266
93268
93270
93298
93300
93302
93308
93312
93314
93316
93320
93324
93326
93328
93330
93332
93334
93336
93338
93340
93342
93344
93346
93348
93350
93352
93354
93356
93358
93360
93362
93364
93366
93368
93370
93372
93506
93508
93512
93516
93538
93542
93546
93568
93572
93576
93580
93608
93612
93616
93620
93642
93648
93652
93656
93708
93926
94042
94682
94684
94686
94690
94692
94694
94696
94698
94700
94702
94706
94710
94714
94716
94718
94720
94722
94724
94726
94728
94730
94732
94734
94736
94738
94740
94742
94744
94746
94748
94750
94752
94754
94772
94804
94826
94830
94834
94836
94840
94842
94844
94846
94848
94850
94852
94854
94856
94858
94860
94862
94864
94866
94868
94870
94872
94874
94876
94878
94880
94882
94884
94962
94964
94966
94968
94970
94972
94974
94976
94978
94980
94982
94984
94986
94988
94990
94992
94994
94996
94998
95000
95002
95004
95006
95008
95010
95012
95014
95016
95018
95020
95022
95024
95026
95028
95030
95034
95036
95038
95040
95042
95044
95046
95048
95050
95052
95054
95056
95058
95060
95104
95108
95110
95112
95114
95116
95118
95120
95122
95124
95126
95128
95130
95132
95134
95136
95138
95140
95142
95144
95180
95182
95184
95186
95188
95190
95192
95196
95198
95200
95202
95204
95206
95208
95588
95590
95592
95594
95596
95598
95600
95602
95604
95606
95608
95610
95612
95614
95616
95618
95620
95622
95624
95626
95628
95630
95632
95634
95636
95638
95640
95642
95644
95646
95648
95650
95652
95654
95656
95658
95660
95662
95664
95666
95668
95670
95672
95674
95676
95678
95680
95682
95684
95686
95688
95690
95692
95694
95696
95698
95700
95702
95704
95706
95708
95710
95712
95716
95718
95720
95722
95724
95726
95728
95730
95732
95734
95736
95738
95740
95742
95744
95746
95748
95750
95752
95754
95756
95758
95760
95762
95764
95766
95768
95770
95772
95774
95776
95778
95780
95782
95784
95834
95836
95838
95840
95842
95844
95846
95848
95850
95852
95854
95856
95858
95860
95862
95864
95866
95868
95870
95872
95874
95876
95878
95880
95882
95884
95886
95888
95890
95892
95894
95896
95898
95900
95902
95908
95910
95912
95914
95916
95918
95920
95922
95924
95926
95928
95930
95932
95934
95936
95938
95940
95992
95994
95996
95998
96000
96002
96004
96006
96008
96010
96012
96014
96016
96018
96020
96022
96024
96026
96028
96030
96032
96034
96036
96038
96040
96042
96044
96046
96048
96050
96052
96054
96056
96058
96060
96062
96064
96066
96068
96070
96072
96074
96078
96080
96082
96084
96086
96088
96090
96092
96094
96096
96098
96100
96102
96104
96106
96108
96110
96112
96114
96116
96118
96120
96122
96124
96126
96130
96132
96134
96136
96138
96140
96142
96144
96146
96148
96150
96152
96154
96156
96172
96174
96176
96178
96180
96182
96184
96234
96236
96238
96240
96242
96244
96246
96248
96250
96252
96254
96256
96258
96260
96262
96264
96266
96268
96270
96272
96274
96276
96278
96280
96282
96284
96286
96288
96290
96292
96294
96296
96298
96306
96310
96710
96714
96718
96722
96726
96728
96730
96732
96734
96736
96738
96740
96742
96744
96746
96748
96750
96752
96754
96756
96758
96760
96762
96764
96766
96768
96770
96772
96774
96776
96778
96780
96782
96784
96786
96788
96790
96792
96794
96796
96800
96802
96804
96806
96808
96810
96812
96814
96816
96818
96820
96822
96824
96826
96828
96830
96832
96834
96836
96838
96840
96842
96844
96846
96848
96860
96862
96864
96866
96868
96870
96872
96874
96876
96878
96880
96882
96884
96886
96908
96910
96912
96914
96916
96918
96920
96922
96924
96926
96928
96930
96932
96934
96938
96940
96942
96944
96946
96948
96950
96954
96956
96958
96960
96962
96966
96980
96982
96984
96986
96988
96990
96992
97010
97012
97014
97028
97032
97034
97036
97038
97040
97042
97044
97046
97048
97050
97052
97054
97056
97058
97060
97062
97064
97066
97068
97070
97312
97314
97316
97318
97424
97668
97670
97672
97674
97676
97678
97680
97682
97684
97686
97688
97690
97692
97694
97696
97698
97700
97702
97704
97706
97708
97710
97712
97714
97716
97718
97720
97722
97726
97728
97730
97732
97734
97736
97738
97740
97742
97744
97746
97748
97750
97752
97754
97756
97758
97760
97762
97764
97766
97768
97770
97772
97774
97776
97778
97780
97866
97868
97870
97872
97874
97876
97878
97880
97882
97884
97886
97888
97890
97892
97894
97896
97898
97900
97902
97904
97906
97908
97910
97912
97914
97916
97918
97920
97922
97924
97928
97930
97932
97934
97936
97938
97940
97942
97944
97946
97948
97950
97952
97954
97956
97958
97960
97962
97964
97966
97968
97970
97972
97974
97976
97978
97980
97982
97984
97986
97988
97990
97992
97994
97996
98000
98002
98004
98006
98008
98010
98012
98014
98016
98018
98020
98022
98024
98026
98028
98030
98032
98034
98036
98038
98040
100026
100028
100030
100032
100034
100036
100038
100040
100042
100044
100046
100048
100052
100054
100056
100058
100060
100062
100064
100066
100068
100070
100072
100074
100076
100078
100080
100082
100084
100086
100088
100090
100092
100094
100096
100098
100100
100102
100104
100106
100108
100110
100112
100114
100120
100122
100124
100126
100128
100130
100134
100136
100138
100140
100142
100144
100146
100148
100150
100152
100154
100156
100158
100160
100162
100164
100166
100168
100170
100172
100174
100176
100178
100180
100182
100186
100188
100190
100192
100194
100196
100198
100200
100202
100204
100206
100208
100210
100212
100214
100216
100218
100220
100222
100224
100226
100228
100230
100232
100234
100240
100242
100244
100246
100248
100250
100252
100254
100256
100258
100260
100262
100264
100266
100268
100270
100272
100274
100276
100278
100280
100282
100284
100286
100288
100290
100292
100296
100298
100300
100302
100304
100306
100308
100310
100312
100314
100316
100318
100320
100322
100324
100326
100328
100330
100332
100334
100336
100338
100340
100342
100344
100346
100348
100350
100352
100354
100356
100358
100360
100362
100364
100368
100370
100372
100374
100376
100378
100380
100382
100384
100386
100388
100390
100392
100394
100396
100398
100400
100402
100404
100406
100408
100410
100412
100414
100416
100418
100420
100422
100624
100638
100640
100642
100644
100646
100648
100650
100652
100654
100656
100658
100660
100662
100664
100666
100668
100670
100672
100674
100676
100678
100682
100684
100686
100688
100690
100692
100694
100696
100698
100700
100702
100704
100706
100708
100710
100712
100714
100716
100718
100720
100722
100726
100728
100730
100732
100734
100736
100738
100740
100742
100744
100746
100862
100864
100866
100868
100870
100872
100874
100876
100878
100880
100882
100884
100886
100888
100890
100892
100894
100896
100898
100900
100902
101344
101346
101348
101350
101352
101354
101356
101368
101370
101372
101374
101376
101378
101380
101384
101386
101388
101392
101394
101398
101400
101402
101404
101406
101408
101410
101412
101414
101416
101502
101506
101508
101510
101512
101514
101516
101518
101520
101524
101526
101528
101532
101534
101536
101538
101540
101542
101544
101546
101548
101550
101552
101554
101556
101558
101560
101562
101564
101574
101576
101578
101580
101582
101610
101614
101616
101630
101632
101636
101638
101640
101642
101718
101720
101722
101724
101726
101728
101730
101732
101734
101736
101738
101740
101742
101744
101748
101752
101756
101760
101764
101766
101768
101770
101772
101774
101776
101778
101780
101782
101784
101786
101788
101790
101792
101794
101796
101798
101800
101802
101804
101806
101808
101810
101812
101814
101816
101818
101820
101822
101824
101858
101860
101862
101864
101866
101868
101870
101872
101874
101876
101880
101882
101884
101886
101888
101890
101892
101894
101896
101898
101900
101902
101904
101906
101908
101910
101912
101914
101916
101918
101924
101926
101928
101930
101932
101934
101936
101938
101940
101942
101944
101946
101948
101950
101952
101956
101958
101960
101962
101964
101966
101968
101970
101972
101974
101976
101978
101980
101982
101984
101986
101988
101990
101992
101994
101996
101998
102000
102002
102004
102068
102072
102074
102076
102088
102092
102240
102242
102244
102246
102248
102250
102252
102256
102258
102262
102264
102266
102268
102270
102272
102274
102276
102278
102280
102282
102284
102286
102288
102356
102360
102364
102372
102376
102378
102380
102382
102384
102386
102388
102390
102392
102394
102396
102398
102466
102468
102470
102472
102474
102476
102478
102480
102482
102484
102486
102488
102490
102492
102494
102496
102498
102500
102502
102504
102506
102510
102512
102514
102516
102518
102520
102522
102524
102526
102528
102530
102532
102534
102536
102538
102540
102542
102544
102546
102548
102550
102552
102554
102556
102558
102560
102562
102564
102566
102568
102570
102572
102574
102576
102578
102580
102582
102584
102586
102588
102590
102592
102594
102596
102598
102600
102602
102604
102606
102608
102610
102612
102614
102616
102618
102620
102622
102624
102626
102628
102630
102632
102634
102636
102638
102640
102642
102644
102646
102648
102650
102652
102654
102656
102658
102660
102962
102970
102978
103016
103020
103024
103026
103038
103178
103180
103182
103184
103186
103188
103190
103192
103194
103196
103198
103200
103202
103204
103206
103208
103210
103212
103214
103216
103218
103220
103222
103224
103226
103228
103230
103232
103234
103236
103238
103240
103242
103244
103246
103248
103250
103252
103254
103256
103258
103260
103262
103264
103266
103268
103270
103272
103274
103276
103278
103280
103282
103284
103286
103288
103290
103292
103294
103296
103298
103300
103302
103304
103306
103308
103310
103312
103314
103316
103318
103320
103322
103324
103326
103652
103654
103656
104450
104452
104454
104456
104458
104460
104462
104464
104466
104468
104470
104472
104474
104532
104534
104536
104538
104540
104542
104544
104546
104548
104550
104552
104554
104556
104558
104560
104562
104564
104566
104568
104570
104572
104574
104576
104578
104624
104626
104628
104630
104632
104634
104636
104638
104640
104642
104644
104646
104648
104650
104652
104654
104656
104658
104660
104662
104664
104666
104668
104670
104672
104674
104676
104678
104680
104682
104684
104686
104688
104690
104692
104694
104696
104698
104700
104702
104704
104706
104708
104880
104882
104912
104914
104916
104918
104920
104922
104924
104926
104928
104930
104932
104934
104936
104938
104940
104942
104944
104946
104948
104950
104952
104954
104956
104958
104960
104962
104964
104966
104968
104970
104972
104974
104976
104978
104980
104982
104984
104986
104988
104990
104992
104994
104996
104998
105000
105002
105004
105008
105010
105012
105014
105016
105018
105020
105022
105024
105026
105028
105030
105032
105034
105036
105038
105040
105042
105044
105046
105048
105050
105052
105054
105056
105058
105060
105062
105064
105066
105068
105070
105072
105074
105076
105078
105080
105082
105084
105086
105088
105090
105092
105094
105096
105098
105100
105102
105104
105142
105144
105146
105148
105150
105152
105154
105156
105158
105160
105162
105164
105166
105168
105170
105172
105174
105176
105178
105180
105182
105184
105186
105188
105190
105192
105194
105196
105198
105200
105202
105204
105206
105208
105210
105212
105214
105216
105218
105220
105222
105224
105226
105228
105230
105232
105234
105236
105238
105240
105242
105244
105246
105248
105250
105252
105254
105256
105258
105260
105262
105264
105516
105518
105520
105522
105524
105526
105528
105544
105546
105548
105550
105552
105554
105556
105572
105574
105576
105578
105580
105582
105584
105590
105594
105596
105598
105600
105602
105604
105606
105608
105658
105662
105664
105666
105668
105670
105672
105674
105676
105678
105680
105682
105684
105686
105688
105690
105692
105694
105696
105698
105700
105702
105704
105706
105708
105712
105714
105716
105718
105720
105722
105724
105726
105728
105730
105840
105844
105846
105848
105852
105860
105864
105868
105872
105876
105880
105882
105884
105888
105890
105892
105894
105896
105898
105902
105904
105906
105908
105910
105912
105914
105916
105918
105920
105922
105924
105926
105928
105930
105932
105934
105936
105938
105940
105942
105944
105946
105948
106024
106026
106028
106030
106032
106034
106036
106038
106040
106042
106044
106046
106050
106052
106054
106088
106090
106092
106094
106096
106098
106100
106102
106104
106106
106108
106110
106112
106114
106116
106118
106120
106122
106124
106126
106128
106558
106560
106562
106564
106566
106568
106570
106572
106574
106576
106578
106580
106582
106586
106590
106594
106598
106600
106602
106606
106608
106610
106614
106616
106618
106620
106622
106624
106626
106628
106630
106632
106634
106636
106638
106640
106642
106644
106646
106648
106650
106652
106658
106660
106662
106670
106680
106694
107828
107832
107834
107836
107838
107840
107842
107844
107846
107848
107850
107852
107854
107856
107858
107860
107862
107864
107866
107868
107906
107908
107910
107912
107914
107916
107918
107920
107922
107924
107926
107928
107930
107932
107934
107936
107938
107940
107942
107944
107946
107948
107950
107952
107954
107960
107962
107964
107992
107994
107996
107998
108000
108002
108004
108006
108008
108010
108012
108014
108016
108018
108020
108022
108024
108026
108028
108030
108032
108034
108036
108038
108040
108044
108046
108048
108050
108052
108054
108056
108058
108060
108062
108064
108066
108068
108072
108074
108076
108080
108082
108084
108088
108092
108094
108096
108098
108100
108110
108176
108178
108180
108182
108184
108186
108188
108190
108192
108254
108256
108258
108260
108262
108264
108266
108268
108270
108272
108274
108276
108278
108280
108282
108284
108286
108288
108290
108292
108294
108296
108298
108300
108302
108304
108306
108308
108310
108314
108316
108318
108320
108322
108324
108326
108328
108330
108332
108334
108336
108338
108340
108342
108344
108346
108348
108350
108352
108354
108356
108358
108360
108364
108366
108368
108370
108372
108374
108376
108378
108380
108382
108384
108386
108388
108390
108392
108394
108396
108398
108400
108402
108404
108406
108408
108410
108412
108414
108416
108418
108420
108422
108424
108426
108428
108430
108432
108434
108436
108438
108440
108442
108444
108446
108448
108450
108452
108454
108458
108460
108462
108464
108466
108468
108470
108472
108474
108476
108590
108594
108596
108598
108600
108602
108604
108606
108608
108664
108666
108668
108670
108700
108702
108704
108706
108708
108710
108712
108714
108716
108718
108720
108722
108724
108726
108728
108730
108732
108734
108736
108738
108740
108742
108744
108746
108750
108752
108754
108756
108758
108760
108762
108764
108766
108770
108774
108776
108778
108782
108784
108786
108788
108790
108792
108794
108800
108802
108804
108806
108808
108810
108814
108816
108818
108820
108822
108824
108826
108828
108830
108832
108834
108836
108838
108840
108842
108844
108846
108848
108852
108854
108856
108858
108860
108862
108864
108866
108868
108870
108872
108874
108876
108878
108880
108882
108884
108886
108888
108890
108892
108894
108896
108898
108900
108902
108904
108906
108908
108910
108912
108914
108916
108918
108920
108922
108924
108926
108928
108930
108932
108934
108936
108938
108940
108942
108944
108946
108948
108950
108952
108954
108956
108958
108960
108962
108964
108966
108968
108970
108994
108996
108998
109000
109002
109004
109006
109008
109010
109012
109014
109016
109018
109022
109024
109026
109028
109030
109032
109034
109036
109038
109040
109042
109044
109046
109048
109050
109052
109054
109056
109058
109060
109062
109064
109066
109068
109070
109072
109078
109080
109082
109084
109086
109088
109090
109092
109096
109100
109104
109108
109110
109112
109116
109120
109124
109126
109130
109132
109134
109136
109138
109140
109142
109144
109146
109148
109150
109152
109154
109156
109158
109160
109162
109164
109166
109168
109170
109174
109176
109178
109180
109182
109184
109186
109188
109190
109192
109194
109196
109198
109200
109202
109204
109206
109208
109210
109212
109214
109216
109218
109220
109222
109224
109226
109228
109230
109232
109234
109236
109238
109240
109242
109244
109246
109248
109250
109252
109254
109256
109258
109260
109262
109264
109266
109268
109270
109272
109274
109276
109278
109280
109282
109284
109286
109288
109290
109292
109294
109296
109298
109300
109304
109306
109308
109310
109312
109314
109316
109318
109320
109322
109324
109326
109328
109330
109332
109334
109336
110152
110154
110156
110158
110160
110162
110164
110166
110168
110170
110172
110174
110176
110178
110180
110182
110184
110186
110188
110190
110192
110194
110196
110198
110200
110202
110204
110206
110208
110210
110212
110214
110216
110218
110220
110222
110224
110226
110228
110230
110232
110234
110236
110238
110240
110242
110244
110246
110248
110250
110252
110254
110256
110258
110260
110262
110264
110266
110268
110270
110272
110274
110276
110278
110280
110282
110284
110286
110288
110414
110416
110418
110420
110422
110424
110428
110430
110432
110434
110436
110438
110440
110442
110444
110446
110448
110450
110452
110454
110458
110460
110462
110464
110466
110468
110470
110472
110474
110476
110478
110480
110482
110484
110486
110488
110490
110492
110494
110496
110498
110500
110502
110504
110506
110508
110510
110512
110514
110516
110518
110520
110522
110524
111362
111364
111366
111368
111370
111372
111374
111376
111378
111380
111382
111384
111386
111388
111390
111392
111394
111396
111398
111400
111402
111404
111406
111408
111410
111442
111444
111446
111448
111450
111452
111454
111456
111458
111460
111462
111464
111466
111468
111470
111472
111474
111582
111584
111586
111588
111590
111592
111594
111596
111598
111600
111602
111604
111606
111610
111614
111618
111622
111624
111626
111628
111630
111634
113182
113184
113186
113190
113192
113194
113196
113198
113200
113202
113204
113206
113208
113210
113212
113214
113216
113218
113220
113222
113224
113226
113228
113230
113232
113234
113236
113238
113244
113246
113248
113250
113252
113254
113258
113260
113262
113264
113266
113268
113328
113330
113332
113334
113336
113338
113340
113342
113344
113346
113348
113350
113352
113354
113356
113358
113384
113386
113388
113390
113392
113394
113462
113464
113466
113468
113470
113472
113474
113490
113492
113494
113496
113498
113500
113502
113504
113506
113508
113510
113512
113514
113516
113518
113520
113522
113524
113526
113528
113530
113532
113534
113536
113538
113540
113980
113982
113984
113986
113988
113990
113992
113994
113996
113998
114000
114004
114008
114016
114018
114020
114022
114024
114028
114030
114032
114034
114036
114038
114040
114042
114044
114048
114052
114056
114062
114066
114070
114074
114076
114078
114082
114528
114530
114532
114534
114538
114540
114542
114544
114546
114548
114550
114552
114554
114556
114558
114560
114562
114564
114566
114568
114570
114572
114574
114576
114578
114580
114582
114584
114586
114588
114590
114592
114594
114596
114598
114600
114602
114604
114606
114608
114610
114612
114614
114616
114618
114668
114670
114672
114674
114676
114678
114680
114684
114686
114688
114690
114692
114694
114696
114698
114700
114702
114704
114706
114708
114710
114712
114714
114716
114718
114720
114722
114724
114726
114728
114730
114732
114734
114736
114738
114740
114742
114744
114746
114748
114750
114752
116418
116420
116422
116424
116426
116428
116430
116432
116434
116440
116442
116444
116446
116448
116450
116452
116454
116456
116458
116460
116462
116464
116466
116468
116470
116472
116474
116476
116478
116480
116482
116484
116486
116488
116490
116492
116494
116496
116500
116502
116504
116506
116508
116510
116512
116514
116516
116518
116520
116522
116526
116528
116530
116532
116534
116536
116538
116542
116544
116546
116548
116550
116552
116554
116556
116558
116560
116562
116564
116566
116568
116570
116572
116574
116576
116578
116580
116582
116584
116586
116590
116592
116594
116596
116598
116600
116602
116604
116606
116608
116610
116612
116614
116616
116618
116620
116622
116624
116626
116628
116630
116632
116634
116636
116638
116640
116642
116644
116646
116648
116650
116652
116654
116656
116658
116660
116662
116664
116666
116668
118090
118092
118094
118096
118098
118100
118102
118104
118106
118108
118110
118112
118114
118116
118118
118120
118122
118124
118126
118128
118130
118132
118134
118136
118138
118140
118142
118144
118146
118148
118150
118152
118154
118156
118158
118160
118162
118164
118166
118168
118170
118172
118174
118176
118178
118180
118182
118184
118186
118188
118190
118192
118194
118196
118198
118200
118202
118204
118206
118208
118210
118212
118214
118216
118218
118220
118222
118224
118226
118228
118230
118232
118234
118498
118500
118502
118504
118506
118508
118510
118512
118514
118516
118518
118520
118522
118524
118526
118528
118530
118532
118534
118536
118538
118542
118544
118546
118548
118550
118552
118554
118556
118558
118560
118562
118564
118884
118886
118888
118890
118892
118894
118896
118898
118900
118902
119212
119214
119216
119218
119220
119222
119224
119226
119228
119230
119232
119234
119236
119238
119240
119242
119244
119246
119248
119250
119252
119254
119256
119258
119260
119262
119264
119266
119268
119270
119272
119274
119276
119278
119280
119282
119288
119290
119292
119294
119296
119298
119300
119302
119304
119306
119308
119310
119312
119314
119316
119318
119320
119322
119324
119326
119328
119330
119332
119336
119338
119340
119342
119344
119346
119348
119350
119352
119354
119356
119358
119360
119362
119364
119366
119368
119370
119372
119374
119376
119378
119380
119382
119384
119386
119388
119390
119392
119394
119396
119398
119400
119402
119404
119406
119408
119410
119412
119414
119416
119418
119420
119422
119424
120428
120430
120432
120434
120436
120438
120440
120442
120444
120446
120448
120450
120452
120454
120456
120458
120460
120462
120464
120466
120468
120470
120472
120474
120476
120478
120480
120482
120484
120486
120488
120490
120492
120494
120496
120498
120500
120502
120504
120506
120508
120510
120512
120514
120516
120518
120520
120522
120524
120526
120528
120530
120532
120534
120536
120538
120540
120542
120544
120546
120548
120550
120552
120554
120556
120558
120560
120562
120564
120566
120568
120570
120572
120574
120576
120578
120580
120582
120586
120588
120590
120592
120594
120596
120598
120600
120602
120604
120606
120608
120610
120612
120614
120616
120618
120620
120622
120624
120626
120628
120630
120634
120636
120638
120640
120642
120644
120646
120648
120650
120652
120654
120656
120658
120660
120662
120664
120666
120668
120670
120672
120674
120676
120678
120680
120682
120684
120686
120688
120690
120692
120694
120696
120698
120700
120702
120704
120706
120708
120710
120712
120714
120716
120718
120720
120722
120724
120778
120780
120782
120784
120786
120788
120790
120792
120794
120796
120798
120800
120802
120804
120806
120808
120810
120812
120814
120816
120818
120820
120822
120824
120826
120828
120830
120832
120834
120880
120882
120896
120898
120900
120906
120908
120910
120912
120914
120918
120920
120924
120926
120928
120930
120932
120934
120936
120938
120940
120942
120944
120946
120948
120950
120980
120984
120988
120990
120992
120994
120996
120998
121006
121012
121014
121016
121018
121020
121022
121024
121026
121028
121030
121032
121034
121036
121110
121126
121128
121130
121132
121170
121172
121174
121176
121178
121180
121182
121184
121186
121188
121190
121192
121194
121196
121198
121200
121202
121204
121206
121208
121210
121212
121214
121216
121218
121220
121222
121224
121226
121228
121232
121234
121236
121238
121240
121242
121244
121246
121248
121250
121252
121254
121256
121258
121260
121262
121264
121266
121268
121270
121272
121274
121276
121278
121280
121282
121284
121286
121288
121290
121292
121294
121296
121298
121300
121302
121304
121306
121308
121310
121312
121314
121316
121318
121320
121322
121324
121326
121328
121330
121332
121334
121336
121338
121340
121342
121344
121346
121348
121350
121352
121354
121356
121358
121360
121362
121364
121366
121368
121370
121372
121374
121376
123140
123142
123144
123146
123148
123150
123152
123154
123156
123158
123160
123162
123164
123166
123168
123170
123172
123174
123176
123178
123180
123182
123184
123186
123188
123190
123192
123194
123196
123198
123200
123202
123204
123206
123208
124496
124500
124508
124512
124516
124520
124524
124526
124538
124540
124542
124544
124546
124548
124550
124552
124554
124556
124558
124560
124562
124564
124566
124568
124570
124572
124574
124576
124578
124580
124582
124584
124588
124590
124592
124594
124596
124598
124600
124602
124604
124606
124608
124610
124612
124614
124616
124618
124620
124622
124624
124626
124628
124630
124632
124634
124636
124638
124640
124642
124644
124646
124648
124650
124652
124654
124656
124658
124660
124662
124664
124666
124668
124670
124672
124674
124676
125100
125102
125104
125106
125108
125112
125114
125116
125118
125120
125122
125124
125126
125128
125130
125132
125134
125136
125138
125140
125142
125172
125174
125178
125180
125182
125184
125186
125188
125190
125192
125194
125196
125198
125200
125202
125204
125206
125208
125210
125212
125214
125216
125218
125220
125222
125224
125226
125228
125230
125232
125234
125236
125238
125240
125242
125244
125246
125248
125250
125252
125254
125256
125258
125260
125262
125264
125266
125270
125272
125274
125276
125278
125280
125282
125284
125286
125288
125290
125292
125294
125296
125298
125300
125302
125304
125306
125308
125310
125312
125314
125316
125318
125320
125322
125324
125326
125328
125330
125332
125334
125336
125338
125340
125342
125344
125346
125348
125350
125352
125354
125356
125358
125360
125362
125366
125368
125422
125424
125426
125428
125430
125432
125434
125436
125438
125440
125442
125444
125446
125448
125450
125452
125454
125456
125458
125460
125462
125464
125466
125468
125470
125472
125474
125476
125478
125480
125484
125486
125488
125490
125492
125494
125496
125498
125500
125502
125504
125506
125508
125510
125512
125514
125516
125518
125520
125522
125524
125526
125528
125530
125532
125534
125536
125538
125540
125542
125544
125546
125548
125550
125552
125554
125556
125558
125560
125562
125564
125566
125568
125570
125572
125574
125576
125578
125580
125582
125584
125586
125588
125590
125592
125594
125596
125598
125600
125602
125604
125606
125608
125610
125612
125614
125616
125618
125620
125622
125624
125626
125628
125630
125632
125634
125636
125638
125640
125642
125644
125646
125648
125650
125652
125654
125656
125658
125660
125662
125664
125666
125668
126328
126330
126332
126334
126336
126338
126340
126342
126344
126346
126348
126350
126352
126354
126356
126358
126360
126362
126364
126366
126368
126370
126372
126374
126376
126378
126380
126382
126384
126386
126388
126390
126392
126394
126396
126398
126400
126402
126404
126406
126408
126410
126412
126414
126416
126418
126420
126422
126424
126426
126428
126430
126432
126434
126436
126438
126440
126442
126642
126644
126646
126648
126650
126652
126654
126656
126658
126660
126662
126664
126666
126668
126696
126698
126700
126702
126704
126706
126708
126710
126712
126714
126716
126718
126720
126722
126724
126726
126728
126730
126732
126734
126736
126738
126740
126742
126744
126746
126748
126750
126752
126754
126756
126758
126760
126762
126764
126766
126768
126770
126772
126774
126776
126778
126780
126782
126784
126786
126788
126790
126792
126794
126796
128200
128202
128204
128206
128208
128210
128212
128214
128216
128218
128220
128222
128224
128226
128228
128230
128232
128234
128236
128238
128264
128266
128268
128270
128272
128274
128276
128278
128280
128282
128284
128286
128288
128290
128292
128294
128296
128298
128300
128302
128304
128306
128308
128310
128312
128314
128316
128318
128320
128322
128324
128326
128328
128330
128444
128446
128448
128450
128452
128454
128456
128458
128460
128462
128524
128526
128528
128530
128532
128534
128536
128538
128540
128542
128544
128546
128548
128550
128552
128554
128556
128558
128560
128562
128566
128568
128570
128572
128574
128576
128578
128580
128582
128584
128586
128590
128592
128594
128596
128598
128664
128666
128668
128670
128672
128674
128676
128678
128680
128682
128684
128686
128688
128690
128692
128694
128696
128698
128760
128762
128764
128766
128768
128770
128772
128774
128776
128778
128782
128784
128786
128788
128790
128792
128794
128796
128798
128800
128802
128804
128806
128808
128810
128812
128814
128816
128818
128820
128822
128824
128826
128828
128830
128832
128834
128836
128838
128840
128842
128844
128846
128882
128884
128886
128888
128890
128892
128894
128896
128898
128900
128902
128904
128906
128908
128910
128912
128914
128916
128918
128920
128922
128924
128926
128928
128930
128932
128934
128936
128938
128940
128942
128944
128946
128950
128952
128954
128956
128958
128960
128962
128964
128966
128968
128970
128972
128974
128976
128978
128980
128982
128984
128986
128988
128990
128992
128994
128996
128998
129000
129002
129004
129006
129008
129010
129012
129014
129016
129018
129022
129024
129028
129030
129032
129034
129036
129038
129040
129042
129044
129046
129048
129050
129052
129054
129056
129058
129060
129062
129064
129714
129716
129718
129720
129722
129724
129726
129728
129730
129732
129734
129736
129738
129740
129742
129744
129746
129748
129760
129762
129764
129766
129768
129770
129772
129774
129776
129778
129780
129782
129784
129786
129788
129790
129792
129794
129796
129798
129800
129938
129940
129942
129944
129946
129948
129950
129952
129954
129956
129958
129960
129962
129964
129966
129968
129970
129972
129974
129976
129978
129980
129982
129984
129986
129988
129990
129992
129994
129996
129998
130000
130002
130006
130008
130010
130012
130014
130016
130018
130020
130022
130024
130026
130028
130030
130032
130034
130036
130038
130040
130042
130044
130046
130048
130050
130052
130054
130056
130058
130060
130062
130064
130066
130068
130070
130072
130074
130076
130078
130080
130082
130084
130086
130308
130310
130312
130314
130318
130320
130322
130324
130326
130328
130330
130332
130334
130336
130338
130340
130342
130344
130346
130348
130350
130352
130354
130356
130358
130360
130362
130364
130366
130370
130372
130374
130376
130378
130380
130382
130384
130386
130388
130390
130392
130394
130396
130398
130400
130402
130406
130408
130410
130412
130414
130416
130418
130420
130422
130574
130576
130578
130582
130584
130600
130602
130604
130606
130608
130610
130612
130614
130622
130624
130626
130628
130630
130632
130634
130636
130638
130640
130642
130644
130648
130652
130656
130658
130660
130662
130664
130666
130668
130670
130672
130674
130676
130678
130680
130682
130684
130686
130688
130690
130692
130694
130696
130698
130700
130702
130704
130706
130708
130710
130712
130714
130716
130718
130720
130722
130724
130726
130910
130912
130914
130916
130918
130920
130922
130924
130926
130928
130930
130932
130934
130936
130938
130940
130942
130944
130946
130948
130950
130954
130956
130958
130960
130962
131864
131866
131868
131870
131872
131874
131876
131878
131880
131882
131884
131886
131892
132222
132224
132226
132228
132230
132234
132236
132238
132242
132244
132246
132248
132250
132252
132254
132256
132258
132260
132262
132264
132266
132268
132270
132272
132274
132276
132278
132280
132282
132284
132286
132288
132290
132292
132294
132296
132298
132300
132302
132304
132306
132308
132310
132312
132314
132316
132318
132320
132322
132324
132326
132328
132330
132332
132334
132336
132338
132340
132342
132344
132346
132348
132350
132352
132354
132356
132358
132360
132362
132364
132366
132368
132370
132372
132374
132376
132378
132380
132382
132384
132386
132388
132390
132392
132394
132396
132398
132400
132402
132404
132406
132408
132410
132412
132414
132416
132418
132420
132422
132424
132426
132428
132430
132432
132434
132438
132440
132442
132444
132446
132448
133538
133540
133542
133544
133546
133548
133550
133552
133554
133556
133558
133560
133562
133564
133566
133568
133570
133572
133630
133632
133634
133636
133638
133640
133642
133644
133646
133648
133650
133652
133654
133656
133658
133660
133662
133664
133666
133668
133670
133672
133674
133676
133678
133680
133682
133684
135560
135584
135588
135596
135612
135624
135628
135632
135716
135718
135720
135722
135724
135726
135728
135732
135736
135740
135744
135746
135748
135750
135752
135754
135756
135758
135760
135762
135764
135766
135768
135770
135772
135774
135776
135778
135780
135782
135784
135786
135788
135790
135792
135794
135796
135798
135800
135802
135804
135806
135808
135810
135812
135814
135816
135818
135820
135822
135824
135826
135828
135830
135832
135834
135836
135838
135910
135912
135914
135916
135918
135920
135922
135924
135926
135928
135930
135932
135934
135936
135942
135944
135946
135948
135950
135952
135954
135956
135958
135960
135962
135964
135966
135968
135970
135972
135974
135976
135978
135980
135982
135984
135986
135988
135990
135992
135994
135996
136000
136004
136006
136008
136010
136014
136016
136018
136020
136022
136024
136026
136028
136030
136032
136034
136036
136038
136044
136046
136048
136050
136052
136056
136060
136066
136068
136070
136072
136074
136076
136078
136080
136082
136084
136086
136088
136090
136092
136094
136652
136654
136656
136658
136660
137252
137254
137256
137258
137260
137262
137264
138102
138104
138106
138110
138112
138114
138116
138118
138120
138122
138124
138126
138128
138130
138132
138134
138136
138138
138140
138142
138144
138146
138148
138150
138152
138154
138156
138158
138160
138162
138164
138166
138168
138170
138172
138174
138176
138178
138180
138182
138184
138186
138188
138190
138192
138194
138196
138198
138200
138202
138204
138208
138214
138216
138218
138220
138224
138226
138228
138230
138232
138234
138236
138238
138240
138242
138244
138246
138248
138250
138252
138254
138256
138258
138260
138262
138264
138266
138268
138270
138272
138274
138276
138278
138280
138282
29000
29002
29004
29006
29008
29530
29536
29538
30598
30600
30602
30604
30606
30608
30610
31354
31356
31358
31360
31362
31364
31366
32242
32244
32246
32248
32250
32252
32254
34210
34212
34214
34216
34218
