6414
6416
6418
6420
6422
6424
6426
6428
6430
6432
6434
6436
6438
6440
6442
6444
7172
7176
7178
7180
7182
7184
7186
7188
7190
7192
7194
7196
7198
7200
7202
7240
7242
7244
7246
7248
7250
7252
7254
7256
7258
7260
7262
7264
7266
7268
7270
9628
9630
9632
9638
9640
9642
9644
9646
9648
9650
9652
9654
9656
9658
9660
9662
9664
9666
9668
9670
9672
9674
9676
9678
9796
9798
9800
9802
9804
9806
9808
9810
9812
9814
9816
9818
9820
9822
9824
9826
14216
14218
14220
14222
14224
14226
14244
14246
14248
14250
14252
14254
14264
14266
14268
15038
15042
15046
15048
15060
15062
15072
15074
15076
15198
15200
15202
15204
15206
15208
15216
15220
15230
15232
15240
15242
15244
16042
16044
16046
16048
16050
16052
16074
16076
16078
16080
16112
16114
16116
16142
16144
16146
16148
16150
16152
16170
16172
16174
16198
16200
16202
16212
16214
16216
17910
17912
17914
17916
17918
17920
17922
17924
17936
17938
17940
17942
17954
17956
17958
17960
17964
17966
17968
17970
17972
17974
17976
17978
19664
19666
19668
19670
19672
19674
19676
19678
19686
19688
19690
19692
19700
19702
19704
19706
19714
19716
19718
19720
22610
22612
22614
22616
22618
22620
22622
22624
22634
22636
22638
22640
22650
22652
22654
22656
23060
23062
23064
23066
23068
23070
23072
23074
23076
23078
23080
23082
23084
23086
23088
23090
23092
23094
23096
23098
23100
23102
23104
23106
23674
23676
23678
23680
23682
23684
23686
23688
23696
23698
23700
23702
23708
23710
23712
23714
23720
23722
23724
23726
24312
24314
24318
24320
24322
24324
24326
24328
24330
24332
24334
24336
24338
24340
24342
24344
24346
24348
24350
24352
24354
24356
24910
24912
24914
24916
24918
24920
24922
24924
24926
24928
24930
25800
25802
25804
25818
25820
28518
28520
28522
28524
28526
28530
28534
28536
28538
28540
28542
28544
28546
28550
28552
28554
28556
28558
28560
28564
28566
28568
28570
28572
28576
28578
28580
28582
28584
28586
28590
29010
29012
29014
29016
29018
29020
29022
29024
29026
29028
29030
29032
29034
29036
29038
29040
29042
29044
29046
29048
29050
29052
29054
29056
29308
29310
29312
29314
29316
29318
29320
29322
29328
29330
29332
29334
29342
29344
29346
29348
29354
29356
29358
29360
29540
29542
29544
29548
29550
29552
29556
29578
29580
29582
29584
29586
30614
30616
30618
30620
30622
30624
30626
30628
30630
30632
30634
30636
30638
30640
30642
30644
30646
30648
30650
30652
30654
30656
30658
30660
30662
30664
30666
30668
31452
31454
31456
31458
31460
31462
31464
31466
32420
32422
32424
32426
32428
32430
32432
32434
32436
32438
32440
32442
32444
32446
32448
32450
32452
32454
32456
32458
32460
32462
32464
32466
33956
33958
33960
33962
33964
33966
33970
33972
33974
33976
33978
33980
34220
34222
34224
34226
34228
34230
34232
34234
34236
34238
34240
34242
34244
34246
34248
34250
34252
34254
34256
34258
34488
34490
34492
34494
34496
34498
34500
34504
34506
34508
34510
34512
34514
34516
34518
34520
34550
34552
34554
34556
34558
34560
34568
34570
34576
34578
34776
34778
34780
34782
34784
34786
34788
34790
34792
34794
34796
34798
34800
34802
34804
34806
34864
35802
35804
35806
35808
35810
35812
35814
35824
35826
35828
35978
35982
35984
35986
35988
35990
35992
35994
35996
35998
36000
36002
36004
36006
36008
36296
36298
36300
36302
36304
36306
36308
36312
36314
36316
36318
36320
36512
36514
36516
36518
36520
36522
36524
36526
36528
36530
36532
36534
36536
36538
36540
36542
36544
36546
36548
36550
36842
36844
36846
36848
36850
36852
36854
36856
36858
36860
36862
36864
36866
36868
36870
36872
37318
37320
37322
37324
37326
37328
37330
37796
37798
37800
37802
37806
37808
37810
38474
38476
38478
39286
39288
39290
39292
39294
39296
39298
39300
39302
39304
39306
39308
40986
40988
40990
40992
40994
40996
40998
41000
41002
41004
41006
41008
42358
42360
42362
42364
42366
42368
42370
42372
42374
42376
42378
42380
44566
44568
44574
44576
44580
44594
44596
44598
44600
44602
44604
44606
45112
45114
45116
45118
45120
45122
45126
45128
46320
46860
46864
46866
46978
46980
51310
51312
51314
51316
51318
51320
51322
51324
51326
51328
51330
51332
51334
51336
51338
51340
51342
51344
51346
51348
51350
51352
51354
51356
52094
52096
52098
52100
52102
52104
52106
52108
52110
52112
52114
52116
56002
56004
56006
56008
56010
56012
56014
56016
56682
56684
56686
56688
56690
56876
56878
56880
56882
56884
56886
56888
56890
58256
58258
58260
58262
58264
58266
58268
58270
58272
58274
58276
58278
58280
59126
59128
59130
59132
59134
59136
59138
59140
59142
59144
59146
59148
59880
59882
59884
59886
59888
59890
59892
59894
59896
59898
59900
59902
61286
61288
61290
61292
61294
61296
61298
61300
61302
61304
61306
61308
62958
62960
62962
62964
62966
62968
62970
62972
62974
62976
62978
62980
67406
67408
67410
67412
67414
67416
67418
67420
67422
67424
67426
67428
67430
67436
67438
67530
67532
67534
67536
67538
67540
67542
67544
67784
67786
67788
67790
67792
67794
67796
67798
67800
68310
68312
68314
68316
68318
69810
69812
69814
69816
69822
69824
69826
69828
71402
71404
71406
71408
71410
71412
71414
71416
71418
71420
71422
71424
71426
71428
71430
71432
72686
72688
72690
72692
72694
72696
72698
72700
72702
72704
72706
72708
72710
72712
72714
72716
73838
73840
73842
73844
73846
73848
73850
73852
73854
73856
73858
73860
73862
73864
73866
73868
74134
74136
74600
74602
74644
74646
74648
74650
74652
74654
74656
74658
76382
76384
76386
76660
76662
76664
76666
76668
76670
76672
76674
76676
76678
76680
76682
76684
76686
76688
76690
77178
77180
77182
77184
77186
77188
77190
77192
77194
77196
77198
77200
77202
77204
77206
77208
77928
77930
77932
77934
77936
77938
77940
77942
77944
77946
77948
77950
77952
77954
77956
77958
78066
78068
78070
78072
78074
78076
78078
78080
78082
78084
78086
78088
78090
78092
78094
78096
78666
78668
78670
78672
78674
78676
78678
78680
78682
78684
78686
78688
78690
78692
78694
78696
78792
78794
78796
78798
78800
78802
78804
78806
78808
78810
78812
78814
78816
78818
78820
78822
79694
79696
79698
79700
79702
79704
79706
79708
79710
79712
79714
79716
79718
79720
79722
79724
79726
79728
79730
79732
79842
79844
79846
79848
79850
79852
79854
79856
79858
79860
79862
79864
79866
79868
79870
79872
79874
79876
79878
79880
80000
80002
80004
80006
80008
80010
80012
80014
80016
80018
80020
80022
80024
80026
80028
80030
80182
80184
80186
80188
80190
80192
80194
80196
80198
80200
80202
80204
80206
80208
80210
80212
80656
80658
80660
80662
80664
80666
80668
80670
80672
80674
80676
80678
80844
80846
80848
80850
80854
80858
80860
80862
80864
80866
80868
80950
80952
80954
80956
80958
80960
80964
80966
80968
80970
80972
81154
81156
81158
81160
81162
81164
81166
81168
81170
81172
83486
83488
83490
83492
83494
83502
83504
83506
83508
83510
83512
84498
84500
84502
84504
84506
84508
84512
84514
84516
84518
84520
84526
84528
84530
84532
84534
84536
84626
84630
84632
84634
84636
84638
84640
84644
84646
84648
84654
84656
84658
84660
84662
84664
84824
84826
84828
84830
84832
84834
84836
84838
84842
84844
84846
84848
84850
84852
84854
84856
84858
84860
84862
85528
85530
85532
85534
85536
85538
85540
85542
85544
85546
85548
85550
85552
85554
85556
85894
85896
85898
85900
85902
85904
85906
85908
85910
85912
85914
85916
92490
92492
92494
92496
92532
92534
92536
92538
92574
92576
92598
92600
93376
93378
93380
93382
93396
93400
93402
93412
93414
93416
93418
93424
93426
93428
93430
95150
95152
95154
95156
95160
95162
95164
95166
95170
95172
95174
95176
95794
95796
95798
95800
95812
95814
95822
95824
95826
95828
96158
96160
96162
96164
96186
96188
96190
96192
96200
96202
96204
96206
96214
96216
96218
96220
96226
96228
96230
96232
96852
96854
96856
96858
96890
96892
96894
96896
96900
96902
96904
96906
96972
96974
96976
96978
96998
97000
97002
97004
97016
97018
97020
97022
97580
97584
97586
97588
97600
97602
97604
97606
97614
97620
100754
100756
100758
100760
100766
100768
100770
100772
100778
100780
100782
100784
100792
100794
100796
100798
100806
100808
100810
100812
100828
100830
100832
100834
100842
100844
100846
100848
100854
100856
100858
100860
101424
101426
101430
101432
101434
101436
101456
101472
101476
101478
101494
101496
101498
101828
101830
101832
101834
101838
101840
101842
101844
101848
101850
101852
101854
102120
102132
102134
102136
102138
102198
102200
102202
102204
102212
102214
102216
102228
102230
102232
102402
102404
102406
102408
102416
102418
102420
102422
102430
102432
102434
102436
102444
102446
102448
102450
102456
102458
102460
102462
103048
103050
103052
103056
103058
103060
103062
103078
103080
103116
103136
103138
103140
103142
103146
103148
103150
103152
103156
103158
103160
103162
103168
103170
103172
103174
103678
103680
103710
103716
103744
103746
103748
103750
103756
104172
104174
104176
104178
104476
104478
104480
104482
104490
104492
104494
104496
104504
104506
104508
104510
104518
104520
104522
104524
104586
104588
104590
104592
104598
104600
104602
104604
104610
104612
104614
104616
104858
104860
104862
104864
104868
104870
104872
104874
105110
105112
105114
105116
105120
105122
105124
105126
105130
105132
105134
105136
105508
105510
105512
105514
105536
105538
105540
105542
105564
105566
105568
105570
105740
105742
105744
105746
105754
105756
105758
105760
105768
105770
105772
105774
106060
106062
106064
106066
106070
106072
106074
106076
106080
106082
106084
106086
106134
106136
106138
106140
106148
106150
106152
106154
106162
106164
106166
106168
106176
106178
106180
106182
106188
106190
106192
106194
106334
106336
106338
106340
106346
106348
106350
106352
106358
106514
106516
106518
106526
106528
106530
106534
106536
106538
106540
106544
106546
106548
106550
106554
107874
107876
107878
107880
107884
107886
107888
107890
107894
107896
107898
107900
113446
113448
113450
113452
113454
113456
113968
113970
113972
113974
113976
118420
118422
118424
118426
118428
118430
118432
118434
118436
118438
118440
118442
118444
120838
120840
120842
120844
120846
120848
120850
120852
120854
120856
120858
120860
120862
120864
120866
120868
120870
120872
120874
120876
121144
121146
121148
121150
121152
121154
121156
121158
121160
121162
121164
121166
123110
123116
123118
123120
123122
123124
123126
123128
123130
123132
123134
123136
125146
125148
125150
125152
125154
125156
125158
125160
125162
125164
125166
125168
126300
126304
126306
126308
126310
126312
126314
126316
126318
126320
126322
126324
126326
126670
126672
126674
126676
126678
126680
126682
126684
126686
126688
126690
126692
126936
126938
126940
126942
126944
126946
126948
126950
126952
126956
126958
126960
126962
126964
126966
126968
126970
127752
127754
127756
127758
127760
127762
127764
127766
127768
127772
127774
127776
127778
127780
127782
127784
127786
127788
127790
127794
127796
127798
127800
127802
127804
127806
127808
127810
127812
127814
127816
127818
127820
128600
128602
128848
128850
128852
128854
128856
128858
128860
128864
128866
128868
128870
128872
128874
128876
128878
128880
130590
130592
130594
130596
133574
133576
133578
133580
133582
133584
133586
133588
133590
133592
133594
133596
133598
133600
133602
133604
133606
133608
133610
133612
133614
133616
133618
133620
133622
133624
133626
133628
135482
135484
135486
135488
135490
135888
135890
135892
135896
135898
135900
135902
135904
135906
135908
137234
137236
137238
137240
137242
137244
137246
137248
137250
137268
137270
137272
137274
137276
137278
137288
137300
137302
137306
137308
137310
137312
137316
137318
137320
137322
137324
137326
137328
137330
137332
137334
137336
137338
137340
137342
137344
137346
137348
137350
137352
138618
