274
276
278
280
282
284
286
288
290
292
294
296
298
300
302
306
308
310
312
314
316
318
320
322
324
326
328
330
332
334
340
342
344
346
348
350
352
354
356
358
360
362
364
366
368
370
1164
1166
1168
1170
1172
1174
1176
1178
1180
1182
1184
1186
1188
1190
1192
1194
1200
1202
1204
1206
1208
1210
1212
1214
1216
1218
1220
1222
1226
1228
1230
1232
1236
1238
1240
1242
1244
1246
1248
1856
1858
1860
1862
1868
1870
1872
1874
1876
1878
1880
1882
1886
6448
6450
6454
6456
6458
6502
6504
6506
6508
6510
6548
6550
6552
6570
6572
6574
7274
7276
7278
7280
7282
7284
7324
7326
7334
7336
7362
7376
7418
7420
7422
9830
9832
9834
9836
9874
9878
11452
11454
11456
11482
11484
11510
11512
11626
11628
11642
11644
11660
11662
11688
11690
11692
11694
11696
11698
11700
11702
11704
11706
11708
11710
11712
11716
11718
11720
11722
11724
11726
11728
11730
11732
11734
11736
11738
11740
11742
13158
13160
13162
13164
13200
13202
13204
13206
13228
13230
13232
13234
13256
13258
13262
13264
13266
13268
13270
13290
13292
13294
13296
14108
14110
14112
14114
14152
14154
14156
14158
14184
14186
14188
14190
15050
15052
15054
15056
15064
15066
15068
15070
16136
16140
16184
16186
16188
17898
17900
17902
17904
17906
17908
17926
17928
17930
17932
17934
17944
17946
17948
17950
17952
17962
19656
19658
19660
19662
19680
19682
19684
19694
19696
19698
19708
19710
19712
22602
22604
22606
22608
22626
22628
22630
22632
22642
22644
22646
22648
22658
22660
22662
22664
23036
23038
23040
23042
23044
23046
23048
23050
23052
23054
23056
23594
23596
23598
23600
23602
23604
23606
23690
23692
23694
23704
23706
23716
23718
24298
24300
24302
24304
24306
24308
24310
25810
25812
25814
25816
28354
28356
28358
28360
28362
28364
28366
28368
28370
28372
28374
28376
28378
28380
28382
28384
28386
28388
28390
28392
28394
28396
28398
28400
28402
29324
29326
29336
29340
29350
29352
30482
30484
30486
30488
30490
30492
30494
30496
30498
30500
30502
30504
37334
37336
37338
37340
37342
37344
37346
37348
37578
37580
37582
37584
37586
37588
37590
37592
37594
37596
37598
37600
37602
37604
37606
37608
37814
37816
37818
37820
37822
37824
37826
37828
38074
38076
38078
38080
38482
38492
38494
39032
39034
39036
39038
39040
39042
39044
39046
39048
39050
39052
39054
39056
39058
39060
39062
39064
39066
40974
40976
40978
40980
40982
40984
42346
42348
42350
42352
42354
42356
44546
44548
44550
44552
44554
44556
44558
44564
45132
45134
45136
45140
45142
45144
45146
45148
45152
45154
47002
47004
47006
47008
47014
47016
47018
47020
47024
47028
47030
51762
51764
51766
51768
51770
51772
51774
51776
51778
51780
51782
52118
52120
52122
52124
52126
52128
52130
52132
52134
52136
53722
53724
53726
53728
53730
53732
53734
53736
53738
53740
53742
53744
53746
53748
53750
53752
53754
54086
54088
54092
54094
54096
54098
54100
54120
54122
54124
54126
54128
55992
55994
55996
55998
56674
56676
56678
56742
56744
56746
56768
56770
56810
56816
56820
56822
56824
56828
56836
56838
56840
56842
56844
56846
56848
56850
56852
56854
56856
56858
56860
56862
56864
56866
56868
56870
57910
57912
57914
57916
57918
57920
57922
57924
59150
59152
59154
59156
59158
59160
59904
59906
59908
59910
59912
59914
61310
61312
61314
61316
61318
61320
61322
61324
61326
61328
61330
62982
62984
62986
62988
62990
62992
62994
62996
62998
67550
67552
67768
67770
67772
67774
67776
67778
67780
67782
68302
68304
68306
68308
68320
68322
68324
68326
68328
68330
68332
89758
89760
89762
89764
89766
89768
89770
89772
89776
89778
89780
89782
89784
89786
89788
89792
89794
89796
89798
89800
89802
89804
89806
89808
89810
89812
89814
89816
89818
89820
90748
90750
90752
90754
90764
90766
90768
90770
90772
90774
90776
90778
90780
90782
90784
91552
91554
91556
91558
91560
91562
91564
91892
91894
91896
91898
91902
91904
91906
91910
91912
91914
91916
91918
91920
91922
91924
91926
92498
92500
92502
92540
92542
92544
92568
92570
92572
92594
92596
92606
92608
93374
93384
93394
93404
93408
93410
93420
93422
93432
93434
95064
95066
95068
95070
95072
95074
95076
95078
95080
95082
95084
95088
95092
95094
95096
95098
95100
95102
95148
95158
95168
95178
95788
95790
95792
95802
95804
95806
95816
95818
95820
95830
95832
96166
96168
96170
96194
96196
96198
96208
96210
96212
96222
96224
96850
96888
96898
96936
96968
96970
96994
96996
97006
97008
97024
97026
97582
97594
97596
97598
97608
97610
97612
100750
100752
100762
100764
100774
100776
100786
100788
100800
100802
100804
100814
100816
100822
100824
100826
100836
100838
100840
100850
100852
101418
101438
101450
101470
101500
101826
101836
101846
101856
102128
102140
102146
102190
102206
102208
102210
102220
102222
102224
102234
102236
102410
102412
102414
102424
102426
102428
102438
102440
102442
102452
102454
103054
103076
103134
103144
103154
103164
103166
103660
103686
103696
103712
103714
103738
103740
103742
103752
103754
104166
104168
104170
104180
104182
104184
104484
104486
104488
104498
104500
104502
104512
104514
104516
104526
104528
104582
104584
104594
104596
104606
104608
104618
104620
104856
104866
105108
105118
105128
105138
105502
105504
105506
105530
105532
105534
105558
105560
105562
105586
105588
105734
105736
105738
105748
105750
105752
105762
105764
105766
105776
105778
106058
106068
106078
106130
106142
106144
106146
106156
106158
106160
106170
106172
106174
106184
106186
106330
106332
106342
106344
106354
106356
106512
106532
106542
106552
107872
107882
107892
107902
107968
107970
107972
107974
107976
107978
107980
107982
107984
107986
107988
108196
108198
108200
108202
108204
108206
108208
108210
108212
108214
108216
108218
108222
108224
108226
108228
108230
108234
108240
108242
108244
108246
108248
108250
108688
108690
108692
108694
108696
110392
110394
110396
110398
110400
110402
110404
110406
110408
110410
110412
111350
111352
111354
111356
111358
111360
111416
111418
111420
111422
111424
111426
111428
111432
111434
111436
111438
113138
113140
113142
113144
113152
113162
113166
113168
113170
113174
113176
113178
113180
113476
113478
113480
113482
113484
113486
114500
114502
114504
114506
114508
114510
114512
114514
114516
114518
114520
116408
116412
127822
127824
128606
128608
128610
128612
128614
128616
128618
128620
128622
