628
630
632
634
636
638
640
642
644
646
648
650
652
654
656
658
660
662
664
666
668
670
674
676
678
680
872
874
876
878
880
882
884
886
888
890
892
894
896
898
900
902
904
906
908
910
914
916
918
920
922
924
926
928
930
932
934
936
938
940
942
944
946
18184
18186
18188
18190
18192
18194
18196
18198
18200
18202
18204
18206
18208
18210
18212
18214
18216
18218
18220
18222
18224
18476
18478
18480
18482
18484
18486
18488
18490
18492
18494
18496
18498
18500
18502
18504
18506
18508
18510
18512
18514
18516
18518
18520
18522
18524
18526
18528
18530
18532
18534
18536
18538
18540
18542
18544
18546
18548
18550
18552
18554
18556
18834
18836
18838
18840
18842
18844
18846
18848
18850
18852
18854
18856
18858
18860
18862
18864
18866
18868
18870
18872
18874
19180
19182
19184
19186
19188
19190
19192
19194
19196
19198
19200
19202
19204
19206
19208
19210
19212
19214
19216
19218
19220
906120
906130
906132
906134
906136
906138
906140
908060
908104
908106
908108
908110
908112
908114
908116
908118
908120
908122
908124
908126
908128
908130
908132
908134
908136
908138
908140
908142
908144
908146
908148
908150
908152
908154
908156
908158
908160
908162
908166
